Bundle Soln 
 0.000500 20 5184 3456
 1.00000  0.10000 10.00000 100.00000 100.00000 100.00000 20.00000 20.00000 20.00000
20.6629 11.1385  7.4408 22.30000 14.86667 -2.495e-4 5.032e-7 0 -1.298e-5 5.745e-7
 0.00000  0.02230  0.01487 0.500000 0.500000 0.001000 0.000100 0.000100 0.001000 0.001000
   0 e:\pm\camcal\abisko\2014-08-04-beg\7503\img_2034.jpg
   0    0.516   -0.476    1.376   -0.694    0.220   31.617
   0   0.2357   0.2403   0.2168   6.6821   7.7357   8.5376

   0  20.663  11.139   7.441 22.30000 14.86667 -0.00025 0.00000 0.00000 -0.00001 0.00000
   0  0.00000  0.02230  0.01487 0.500000 0.500000 0.001000 0.000100 0.000100 0.001000 0.001000
   1 e:\pm\camcal\abisko\2014-08-04-beg\7503\img_2036.jpg
   1   -0.415   -0.331    1.293  -41.890  -28.183   27.946
   1   0.2388   0.2429   0.2372   7.4219   7.8516   9.2207

   1  20.663  11.139   7.441 22.30000 14.86667 -0.00025 0.00000 0.00000 -0.00001 0.00000
   1  0.00000  0.02230  0.01487 0.500000 0.500000 0.001000 0.000100 0.000100 0.001000 0.001000

       9   -0.01326    0.00615    0.00146   0.104266   0.104261   0.127663
      11    1.01121    0.00778   -0.00146   0.104064   0.104070   0.127700
      12    1.00220    0.99427    0.00146   0.103693   0.103707   0.126774
      17   -0.00015    0.99180   -0.00146   0.103463   0.103475   0.126731

       5    0.27602    0.43184    0.00525   0.077379   0.077387   0.080938
       6    0.72038    0.43335    0.00301   0.077251   0.077255   0.080735
       7    0.42520    0.71993    0.00250   0.077312   0.077327   0.081181
       8    0.42264    0.28657    0.00637   0.077157   0.077157   0.080812
       9   -0.01326    0.00615    0.00146   0.104266   0.104261   0.127663
      11    1.01121    0.00778   -0.00146   0.104064   0.104070   0.127700
      12    1.00220    0.99427    0.00146   0.103693   0.103707   0.126774
      17   -0.00015    0.99180   -0.00146   0.103463   0.103475   0.126731

   0        9  806.5166 2812.6292  0.00000  0.00000
   0       11 4315.9732 2771.1632  0.00000  0.00000
   0       12 3811.2946  381.2213  0.00000  0.00000
   0        5 1902.0815 1579.4186  0.00000  0.00000
   0        6 3202.4075 1560.4049  0.00000  0.00000
   0        7 2353.6284  931.4353  0.00000  0.00000
   0        8 2322.5152 1944.3210  0.00000  0.00000
   0       17 1299.0088  423.4575  1.00000  1.00000
   1        9 2635.4368 3189.6110  0.00000  0.00000
   1       17  574.1460 1432.5080  0.00000  0.00000
   1       11 4419.1924 1193.8794  0.00000  0.00000
   1       12 2443.3269  201.6707  0.00000  0.00000
   1        5 2241.2042 1764.2266  0.00000  0.00000
   1        8 2841.5116 1726.4269  0.00000  0.00000
   1        7 1964.1687 1150.8364  0.00000  0.00000
   1        6 3035.8751 1085.9596  0.00000  0.00000

   1    1        5 
   2    1        6 
   3    1        7 
   4    1        8 
   5    1        9 
   6    1       11 
   7    1       12 
   8    1       17 

   0    1
   0    2
   0    3
   0    4
   0    5
   0    6
   0    7
   0    8
   1    1
   1    2
   1    3
   1    4
   1    5
   1    6
   1    7
   1    8

