4,1,1638.514810,1454.081103,-0.215372,0.056463,0.222650
4,2,668.614567,1305.892130,-0.288788,0.274729,0.398591
4,3,830.522672,1313.610096,0.108938,0.055214,0.122131
4,4,554.399757,549.867047,-0.054964,0.023456,0.059760
4,5,286.034110,996.511038,0.107158,0.120104,0.160959
4,7,344.467366,520.372048,-0.069984,-0.156651,0.171573
4,8,1370.013797,166.776413,0.169789,-0.106358,0.200351
4,9,743.507273,108.940195,-0.184491,-0.138421,0.230645
4,10,1782.801897,471.163318,-0.087546,-0.116234,0.145515
4,11,1317.490800,198.519145,-0.130380,0.096919,0.162456
4,12,1857.920534,1029.334684,-0.188370,0.255791,0.317667
4,13,1820.983023,318.062510,0.134054,-0.037495,0.139199
4,14,1640.973759,1496.531678,0.183677,0.301769,0.353273
4,15,1969.106573,691.432793,-0.012215,-0.043456,0.045140
4,16,1329.897136,1590.383609,0.352208,0.071325,0.359357
4,17,1497.957412,1541.604013,0.066895,-0.090803,0.112783
4,18,1584.469982,416.371970,0.058216,-0.242766,0.249649
4,19,1993.361595,380.881527,0.030000,-0.088227,0.093188
4,20,1873.508131,1560.114610,0.191398,-0.426904,0.467846
4,21,1281.451043,1563.514732,0.256541,-0.090562,0.272056
6,1,1844.464425,1450.382280,-0.152586,-0.202514,0.253563
6,2,671.474726,1482.348307,-0.300959,0.030500,0.302501
6,3,954.582480,1438.488832,-0.004711,0.204481,0.204535
6,4,426.508886,665.689935,0.001245,0.058101,0.058115
6,5,239.512655,1171.379415,0.045622,0.116015,0.124663
6,7,217.967368,612.937261,-0.100611,-0.241001,0.261159
6,8,1288.394717,63.928635,0.249458,-0.219054,0.331985
6,9,597.159048,112.121317,-0.257497,-0.210351,0.332494
6,10,1777.739188,331.724393,-0.050025,-0.224451,0.229958
6,11,1235.657757,146.553938,-0.219525,0.178554,0.282971
6,12,1906.952241,950.176386,-0.188778,0.291827,0.347563
6,13,1791.100990,210.718248,0.127326,0.043327,0.134496
6,14,1738.780492,1471.955620,0.211979,0.267153,0.341036
6,15,2038.995736,606.678550,0.077364,-0.125883,0.147756
6,16,1414.659997,1656.463890,0.442328,-0.084133,0.450258
6,17,1666.437209,1536.626649,0.038184,-0.132670,0.138056
6,18,1577.618322,244.570188,-0.134808,-0.239014,0.274410
6,19,1984.572012,207.130111,-0.177864,-0.117561,0.213204
6,20,2042.884973,1556.611773,0.091430,-0.360296,0.371716
6,21,1457.198200,1552.593466,0.159100,-0.040701,0.164223
8,1,2047.139538,1446.266220,0.032718,-0.185791,0.188650
8,2,674.875255,1655.941602,-0.183198,-0.499912,0.532422
8,3,1088.367566,1570.944779,-0.167499,0.320652,0.361765
8,4,290.641890,790.473984,0.023268,0.090994,0.093922
8,5,189.758575,1361.990251,-0.298383,0.145773,0.332087
8,7,84.689119,710.973270,-0.166980,-0.106385,0.197990
8,9,452.771815,115.702158,-0.349545,-0.177913,0.392218
8,10,1772.253111,194.523062,0.112621,-0.281505,0.303197
8,11,1158.207991,97.628241,-0.137133,0.203364,0.245281
8,12,1953.207960,875.028215,-0.202180,0.147604,0.250328
8,13,1763.305481,111.646074,0.019093,0.175247,0.176284
8,14,1829.592918,1448.994129,0.261341,0.335669,0.425409
8,15,2103.779387,527.768833,0.223881,-0.138772,0.263402
8,17,1832.655302,1530.842484,0.130892,-0.249031,0.281334
8,18,1570.295707,76.317791,-0.315844,-0.114326,0.335898
8,19,1975.430395,35.256226,-0.484208,-0.203641,0.525287
8,20,2212.189228,1554.075951,-0.642139,0.141827,0.657615
8,21,1630.639183,1540.317380,0.131917,-0.094591,0.162325
9,1,591.414381,1443.869744,0.302037,0.226134,0.377310
9,2,671.357580,408.533624,0.000806,0.058691,0.058697
9,3,344.117981,803.610358,0.142783,-0.050535,0.151462
9,4,1078.653738,93.578290,0.205962,-0.233492,0.311350
9,5,482.022729,317.718405,-0.042497,-0.133551,0.140150
9,6,1655.057687,171.588464,0.083725,-0.302331,0.313710
9,7,888.514849,136.327671,-0.278423,0.029395,0.279971
9,8,1717.826473,617.916246,-0.154139,0.057104,0.164376
9,9,1489.356059,107.789998,-0.016490,0.008180,0.018408
9,10,1794.628206,1185.546221,-0.079696,0.237287,0.250313
9,11,1801.498589,516.572797,0.125875,-0.185995,0.224585
9,12,1559.327447,1494.169357,0.131071,0.099790,0.164735
9,13,1999.674081,1015.884547,-0.038124,-0.081320,0.089813
9,14,1016.370935,1640.603798,0.060639,-0.094791,0.112527
9,15,1514.455726,1227.148872,-0.163685,0.004107,0.163737
9,16,802.102082,1167.668207,-0.171461,-0.061450,0.182140
9,17,647.928584,1545.533430,0.060292,0.090797,0.108992
9,18,1603.314436,1297.074917,0.325825,-0.129084,0.350463
9,19,2016.570312,1260.133990,0.265246,-0.234330,0.353929
9,20,1006.125275,1566.323149,0.030764,0.030791,0.043526
9,21,405.301986,1595.379435,-0.221668,-0.223957,0.315109
10,1,391.612821,1437.682990,0.054790,0.029410,0.062185
10,2,674.065463,235.650218,0.255490,-0.097031,0.273295
10,3,269.648161,723.523499,-0.003606,-0.112041,0.112099
10,4,1161.323175,23.527976,0.267965,-0.284796,0.391042
10,5,514.850815,215.485529,-0.116191,-0.188894,0.221769
10,6,1755.780099,200.304301,0.036279,-0.409208,0.410813
10,7,980.422474,75.552163,-0.175434,0.067776,0.188071
10,8,1774.804094,695.926173,-0.195931,0.059668,0.204815
10,9,1636.440093,112.113079,0.012211,0.003020,0.012579
10,10,1792.774458,1327.507397,0.003770,0.383970,0.383989
10,11,1913.938927,594.557510,0.084865,-0.227486,0.242800
10,12,1486.216515,1601.530199,0.215139,-0.021601,0.216221
10,13,2040.397980,1195.433585,0.058410,-0.151673,0.162531
10,14,857.728762,1672.810926,-0.077955,-0.322754,0.332035
10,15,1396.972786,1361.356433,-0.110689,0.169696,0.202605
10,16,671.945293,1060.761965,-0.211578,-0.058022,0.219390
10,17,483.306612,1542.225058,0.021769,0.111354,0.113462
10,18,1603.736424,1468.549778,0.304289,0.015538,0.304686
10,19,2016.438370,1431.727119,0.195970,-0.139675,0.240651
10,20,833.285908,1562.760381,0.081333,0.182609,0.199903
10,21,235.683374,1599.060624,-0.177271,-0.035295,0.180750
11,1,195.661499,1429.849125,-0.308979,-0.199761,0.367930
11,2,678.767628,66.395111,0.428528,-0.159987,0.457419
11,3,199.948867,647.577310,-0.216889,-0.159641,0.269307
11,5,544.839196,119.835308,-0.220793,-0.114542,0.248736
11,6,1850.426531,226.715160,-0.070336,-0.337835,0.345080
11,7,1066.969263,17.141411,-0.187748,0.212349,0.283445
11,8,1829.949968,769.877242,-0.160265,0.091212,0.184403
11,9,1781.900254,115.307908,0.199354,0.134571,0.240523
11,10,1791.957586,1468.104307,0.284534,0.245973,0.376115
11,11,2032.440964,675.338467,0.285997,-0.266413,0.390858
11,13,2084.984123,1389.042769,0.193305,-0.270589,0.332544
11,15,1269.928067,1502.900455,0.016785,0.378037,0.378410
11,16,535.313465,945.910573,-0.123199,-0.068996,0.141204
11,17,320.750743,1538.972241,-0.115470,0.095574,0.149892
11,18,1603.950008,1637.412842,0.459674,-0.085415,0.467543
11,19,2016.868866,1601.630577,0.036714,-0.057276,0.068033
11,20,662.685732,1558.350590,0.028143,0.211153,0.213021
11,21,65.310638,1604.464757,0.633186,0.746502,0.978872
14,1,1617.493932,1268.760294,-0.044303,0.141349,0.148129
14,2,821.266403,1288.356537,-0.200509,0.091834,0.220539
14,3,970.869111,1197.310043,0.060728,-0.028263,0.066983
14,4,661.466258,691.444502,-0.196884,0.034348,0.199858
14,5,469.290760,1000.571565,0.331758,0.182395,0.378591
14,6,988.443651,182.760460,0.126636,0.097771,0.159986
14,7,444.186515,589.963539,0.117669,-0.134945,0.179042
14,8,1310.145013,257.307431,0.126314,0.039872,0.132457
14,9,727.669894,214.781303,-0.202399,-0.085260,0.219624
14,10,1680.631139,456.866070,0.045843,-0.002700,0.045923
14,11,1223.548169,245.771396,0.062406,0.226467,0.234908
14,12,1811.033103,938.847585,0.001969,0.005188,0.005550
14,13,1666.865271,317.004027,0.071049,0.014674,0.072548
14,14,1641.835430,1353.799102,-0.016950,0.294814,0.295301
14,15,1832.914315,619.378762,-0.036188,-0.153364,0.157576
14,16,1393.783804,1458.888212,0.069332,0.288686,0.296895
14,17,1495.476991,1371.221635,0.112881,-0.072517,0.134167
14,18,1408.642967,420.531258,0.039825,-0.146473,0.151790
14,19,1819.504327,384.753919,0.034788,-0.121728,0.126602
14,20,1871.586399,1386.374020,0.196107,-0.237427,0.307945
14,21,1272.656274,1387.222999,0.282689,-0.130806,0.311485
17,1,2005.894787,1262.244527,0.021892,-0.099446,0.101827
17,2,826.284858,1623.784414,-0.033629,-0.229376,0.231828
17,3,1231.881137,1437.911006,-0.128783,0.069122,0.146161
17,4,414.257156,935.700253,-0.192902,0.040359,0.197079
17,5,389.577153,1371.195985,0.098467,0.061699,0.116200
17,6,629.916263,116.397764,0.191011,0.142440,0.238274
17,7,180.990025,791.433729,0.042810,-0.208878,0.213220
17,8,1135.231062,45.113362,0.284001,-0.180314,0.336407
17,9,426.474632,220.661403,-0.316513,-0.258698,0.408785
17,10,1671.178233,170.531257,0.106409,-0.275011,0.294879
17,11,1066.174055,139.688811,-0.205017,0.165738,0.263630
17,12,1910.960089,786.325626,-0.170654,0.062656,0.181793
17,13,1619.989388,109.303337,0.131648,0.020185,0.133187
17,14,1831.200081,1315.658221,-0.035583,0.097542,0.103830
17,15,1973.636595,464.143262,0.185006,-0.149433,0.237818
17,16,1550.509110,1592.327994,0.275882,0.214936,0.349726
17,17,1828.561100,1361.429442,0.065726,-0.130862,0.146440
17,18,1396.990240,81.052697,-0.296480,-0.173506,0.343518
17,19,1801.531771,39.691669,-0.197866,-0.062406,0.207474
17,20,2205.861513,1379.832479,0.104446,-0.218295,0.241995
17,21,1620.920583,1365.358523,0.089066,-0.061878,0.108451
18,1,619.749514,1260.900351,0.298254,0.292549,0.417780
18,2,822.579972,428.942638,-0.077591,0.152274,0.170903
18,3,470.428072,717.520257,0.062396,0.010680,0.063303
18,4,1156.840580,220.492801,0.126694,-0.036448,0.131833
18,5,633.065912,313.285237,-0.060042,-0.016524,0.062275
18,6,1658.566846,321.322013,0.120978,-0.125808,0.174538
18,7,991.580586,185.284991,-0.154653,0.118486,0.194824
18,8,1673.421999,709.349201,-0.020107,0.045467,0.049714
18,9,1502.867194,213.773102,0.087131,0.033367,0.093302
18,10,1692.111278,1198.271093,-0.039370,0.176464,0.180802
18,11,1708.385317,580.266493,0.162129,-0.158496,0.226731
18,12,1498.161975,1403.687692,0.124130,0.054958,0.135752
18,13,1812.374611,1021.561755,-0.128752,0.014218,0.129534
18,14,1013.370545,1469.077039,-0.136155,0.089129,0.162734
18,15,1362.454629,1124.614346,0.040328,-0.039643,0.056550
18,16,892.418316,1021.967920,-0.273645,-0.066494,0.281608
18,17,647.615797,1376.077184,0.238034,0.166714,0.290609
18,18,1427.188919,1300.554595,0.350230,-0.157178,0.383883
18,19,1843.454115,1266.803007,0.093779,-0.136205,0.165367
18,20,1006.528967,1392.711633,0.128619,0.023420,0.130734
18,21,400.195937,1419.406494,-0.002135,-0.015146,0.015296
19,1,243.437220,1250.794526,-0.033407,0.016670,0.037336
19,2,826.670629,100.915834,0.316837,-0.224063,0.388060
19,3,320.799292,570.896246,-0.103333,-0.150652,0.182685
19,4,1309.032838,79.207266,0.153748,-0.206455,0.257415
19,5,685.288964,115.030205,-0.172091,-0.093724,0.195958
19,6,1853.949509,366.115533,-0.126960,-0.164901,0.208114
19,7,1168.831884,61.147839,-0.119850,0.159853,0.199793
19,8,1789.565180,860.103864,-0.136814,0.091510,0.164597
19,9,1805.866924,221.711208,0.227695,0.051810,0.233515
19,10,1688.991482,1490.634964,0.257092,0.198430,0.324763
19,11,1941.428520,748.614533,0.085140,-0.334512,0.345177
19,12,1340.897349,1625.449378,0.223048,-0.120511,0.253522
19,13,1880.049829,1398.997947,-0.071018,-0.094152,0.117932
19,14,681.778760,1521.275012,-0.336415,-0.226266,0.405427
19,15,1114.255927,1383.566544,0.147151,0.272644,0.309820
19,16,639.809870,797.039461,-0.212352,0.049964,0.218151
19,17,323.218822,1370.746690,0.070336,0.217520,0.228609
19,18,1429.986713,1639.333892,0.361911,0.007495,0.361988
19,19,1843.652471,1606.893827,0.133727,-0.081430,0.156568
19,20,663.899725,1386.013218,0.222813,0.251086,0.335693
19,21,66.132170,1427.554612,-0.015255,0.207058,0.207619
80,1,497.541544,366.549712,-0.127157,-0.120297,0.175044
80,2,1584.076295,292.914672,-0.055347,-0.107736,0.121121
80,3,1052.578797,125.177101,-0.149153,0.099557,0.179327
80,4,1713.432805,811.289401,-0.044230,0.217624,0.222073
80,5,1716.955539,105.821024,0.000665,0.052477,0.052482
80,6,1854.002761,1371.876304,0.105206,0.411973,0.425194
80,7,2033.239599,459.347545,0.287566,-0.158761,0.328480
80,8,1439.619227,1602.240888,0.238560,0.038127,0.241588
80,9,2010.240560,1253.136344,0.042268,-0.186565,0.191293
80,11,1084.295754,1413.354242,-0.122030,0.229567,0.259985
80,12,721.258028,811.720628,-0.335525,-0.070477,0.342847
80,13,378.190311,1427.992084,0.135189,0.222057,0.259972
80,14,668.652891,180.398750,-0.018837,0.074807,0.077143
80,15,303.234439,730.570708,0.055547,-0.118487,0.130861
80,17,369.797504,260.399026,-0.073966,0.060684,0.095674
80,18,275.908985,1615.632412,-0.213238,0.206778,0.297031
80,19,649.463340,1615.718931,0.105498,0.141008,0.176105
80,20,697.826522,231.226471,0.003939,-0.011429,0.012089
80,21,91.161947,279.882770,-0.014250,0.136492,0.137234
81,1,1783.106459,362.064866,0.077310,-0.041415,0.087704
81,2,1594.280385,1441.220726,0.202573,0.194507,0.280835
81,3,2003.319526,689.804200,0.016143,-0.181720,0.182435
81,5,1929.713760,1402.470855,-0.021948,-0.159389,0.160893
81,6,615.147036,1591.150542,-0.590994,-0.472374,0.756579
81,7,1137.319871,1560.195031,0.195370,0.597863,0.628975
81,8,528.961471,862.572836,-0.142036,-0.027221,0.144621
81,9,203.807232,1246.522718,-0.079836,0.179193,0.196173
81,11,305.019919,513.195384,-0.143354,-0.123694,0.189343
81,12,1541.482755,63.514565,0.481171,-0.510749,0.701706
81,13,590.709174,124.903023,-0.154815,-0.139397,0.208325
81,14,1814.185437,370.630501,-0.029589,-0.318206,0.319578
81,15,1203.596868,109.372767,0.109552,0.100599,0.148734
81,16,1864.990980,841.279878,-0.274970,-0.034467,0.277122
81,17,1770.163781,237.603772,-0.094005,-0.069215,0.116738
81,18,246.162421,150.717485,-0.285503,-0.145556,0.320466
81,19,597.844411,100.969715,-0.186087,0.117933,0.220310
81,20,2140.727255,232.313752,-0.156238,0.095111,0.182911
81,21,1530.574923,204.056116,-0.133705,-0.174156,0.219561
82,1,776.570223,361.072263,-0.139800,-0.007523,0.140002
82,2,1590.126301,543.402194,-0.029593,0.174012,0.176510
82,3,1225.891254,224.162143,0.026227,0.145828,0.148168
82,4,1607.273929,977.162213,-0.057888,0.136602,0.148361
82,5,1755.263377,309.110179,0.086182,0.041254,0.095547
82,6,1655.913751,1411.624044,0.103106,0.278951,0.297396
82,7,1892.328652,639.379709,0.086173,-0.210723,0.227662
82,8,1281.783042,1478.015289,0.113276,0.037401,0.119291
82,9,1616.764118,1260.453268,-0.076932,-0.032244,0.083416
82,10,693.810707,1302.898340,-0.213931,0.082655,0.229343
82,11,856.816728,1158.723387,-0.004234,0.050394,0.050571
82,12,951.905589,597.472790,-0.199672,0.136341,0.241780
82,13,432.156472,1047.871880,0.338205,0.200061,0.392947
82,14,996.890875,229.365619,-0.081800,0.123682,0.148285
82,15,539.257331,562.480862,-0.056484,-0.087938,0.104516
82,16,1391.146634,221.811023,0.280200,-0.005977,0.280264
82,17,672.656639,249.157778,-0.035075,-0.021441,0.041109
82,18,261.511831,1293.791676,-0.091103,0.100103,0.135353
82,19,631.127934,1287.943819,0.280944,0.085825,0.293761
82,20,1018.285647,224.479407,0.009792,0.007900,0.012581
82,21,401.151197,258.836281,-0.170754,0.101489,0.198638
83,1,1498.456395,359.071418,0.179174,0.106982,0.208683
83,2,1595.323053,1186.845115,0.085542,0.101842,0.133001
83,3,1752.845217,536.640878,0.106846,-0.063071,0.124073
83,4,1274.914835,1479.146285,0.029290,0.045082,0.053762
83,5,1873.902766,1015.498720,-0.066792,0.018840,0.069399
83,6,979.357920,1533.913314,-0.233814,-0.065477,0.242809
83,7,1403.744169,1245.246961,-0.034952,0.035268,0.049653
83,8,778.624873,1071.682646,-0.278730,-0.015414,0.279156
83,9,593.799379,1256.659336,0.428354,0.283797,0.513837
83,10,692.186299,336.501048,-0.047022,0.059535,0.075865
83,11,431.415575,664.049865,0.065831,-0.244359,0.253072
83,12,1402.388230,188.129442,0.285231,-0.208524,0.353325
83,13,551.555209,335.216961,-0.137170,-0.108492,0.174888
83,14,1624.456731,335.971062,0.026085,0.005725,0.026706
83,15,1038.812908,219.539247,-0.029564,0.144741,0.147729
83,16,1748.435184,685.905963,-0.063172,-0.037972,0.073706
83,17,1459.629434,236.202255,-0.027264,-0.075137,0.079930
83,18,244.806942,472.716989,-0.221435,0.045814,0.226125
83,19,602.185190,434.741021,-0.005604,0.010921,0.012275
83,20,1826.892181,227.576982,0.114648,0.117033,0.163832
83,21,1207.588366,214.403247,-0.070499,-0.082549,0.108556
88,1,525.225025,279.766424,-0.265004,-0.106908,0.285756
88,2,1661.262415,314.335150,-0.096902,-0.059874,0.113907
88,3,1140.468221,74.781676,-0.230538,0.116651,0.258370
88,4,1759.262590,899.025035,-0.055440,0.378142,0.382185
88,5,1864.623050,108.581913,-0.093122,0.155888,0.181585
88,6,1849.930146,1513.452924,0.341492,0.392534,0.520288
88,7,2178.483120,530.228538,0.318443,-0.172795,0.362304
88,9,2044.073765,1450.985388,0.085302,-0.301985,0.313802
88,11,927.486570,1529.943920,-0.044287,0.400669,0.403110
88,12,613.527123,666.245543,-0.161579,0.021171,0.162960
88,13,172.693313,1426.767285,-0.174942,0.156679,0.234847
88,15,220.539900,661.921097,-0.179290,-0.150751,0.234245
88,17,380.074192,118.198308,-0.189717,0.083676,0.207351
88,18,125.025049,1610.481424,0.221207,0.695092,0.729442
88,19,490.009252,1611.666407,-0.134641,0.069379,0.151465
88,20,705.520840,84.040630,-0.127815,0.078017,0.149745
88,21,98.188285,132.129520,0.286905,-0.154460,0.325841
89,1,658.303547,276.372175,-0.240303,-0.162304,0.289980
89,2,1664.856881,434.246247,-0.194920,-0.017361,0.195692
89,3,1224.939981,120.154166,-0.021797,-0.027807,0.035332
89,4,1710.327116,979.881000,-0.146019,0.129576,0.195222
89,5,1888.924988,205.893025,-0.019560,0.013068,0.023524
89,6,1755.049961,1538.009247,0.200994,0.380019,0.429899
89,7,2114.792847,621.508371,0.195111,-0.319730,0.374561
89,8,1299.654518,1666.280440,0.235449,0.007815,0.235578
89,9,1841.325897,1456.238299,-0.111772,-0.157560,0.193179
89,10,509.269140,1516.197854,-0.220015,-0.337393,0.402791
89,11,812.192802,1390.155477,0.104451,0.336323,0.352169
89,12,739.392920,557.774271,-0.115357,0.004080,0.115429
89,13,209.617117,1230.094389,0.006932,0.111002,0.111218
89,14,839.190124,31.295644,0.129184,0.079003,0.151427
89,15,339.062810,580.197742,-0.093423,-0.206777,0.226902
89,16,1364.786369,31.437624,0.380774,-0.123251,0.400225
89,17,528.403310,111.894348,-0.132128,0.014618,0.132935
89,18,118.587092,1451.196324,-0.115119,0.351148,0.369537
89,19,479.826764,1450.751744,0.114071,0.181023,0.213967
89,20,862.109814,79.531895,-0.051776,0.008566,0.052480
89,21,251.409430,121.901286,-0.142674,0.068598,0.158309
90,1,1758.855112,274.333914,0.149930,0.072657,0.166607
90,2,1672.129061,1420.703278,0.308356,0.107061,0.326413
90,3,2084.403614,608.863701,0.154684,-0.047776,0.161894
90,5,2149.991859,1402.034306,0.026852,-0.175435,0.177478
90,8,424.116260,1009.541050,0.012012,0.015041,0.019249
90,9,166.507846,1443.593001,-0.403958,0.226374,0.463063
90,11,179.728755,577.641850,0.377081,-0.163703,0.411082
90,13,447.272599,131.148032,-0.331791,-0.088334,0.343349
90,14,1808.113134,239.712706,0.113430,-0.377038,0.393731
90,15,1113.292682,70.623585,-0.003716,0.219795,0.219826
90,16,1899.372269,752.593096,-0.188727,-0.053985,0.196296
90,17,1758.847397,94.424671,-0.076243,0.101651,0.127067
90,18,96.521031,162.032148,0.123602,-0.280498,0.306523
90,19,437.466970,114.253519,-0.352607,0.296442,0.460662
90,20,2128.726912,83.031638,-0.638406,-0.151585,0.656155
90,21,1516.131220,57.901812,-0.123550,-0.035850,0.128646
91,1,793.373010,273.542496,-0.127807,-0.095714,0.159674
91,2,1667.880863,555.855006,-0.144492,0.100975,0.176278
91,3,1314.207262,168.731132,0.065226,0.041654,0.077392
91,4,1658.121375,1065.365187,-0.108250,0.103454,0.149736
91,5,1914.932623,312.006752,0.047888,0.013001,0.049622
91,6,1652.004184,1564.054426,0.208050,0.220492,0.303152
91,7,2045.523734,720.439074,0.103888,-0.347873,0.363054
91,8,1214.426023,1604.919189,0.143908,0.037069,0.148606
91,9,1634.500235,1460.981270,-0.105932,0.074387,0.129441
91,10,504.543403,1318.853192,-0.219761,-0.060906,0.228045
91,11,706.562098,1259.574927,0.137897,0.164395,0.214572
91,12,857.217633,457.787954,-0.101272,0.066444,0.121124
91,13,244.453103,1049.290525,0.086549,0.079100,0.117250
91,14,995.523949,61.655342,0.095049,-0.040851,0.103456
91,15,452.624147,502.664437,-0.175756,-0.206372,0.271071
91,16,1444.997313,135.886216,0.252574,-0.080539,0.265104
91,17,679.004067,106.087742,-0.117590,-0.005203,0.117705
91,18,112.155760,1291.060344,-0.193209,0.254101,0.319213
91,19,470.276839,1287.021440,0.192506,0.188289,0.269279
91,20,1020.771125,76.288192,-0.090038,0.048859,0.102441
91,21,405.505707,111.303074,-0.239546,0.170101,0.293797
92,1,1622.827175,272.457077,0.155587,0.004944,0.155665
92,2,1672.975488,1298.587996,0.102833,0.149675,0.181596
92,3,1957.932706,534.729249,0.146503,-0.116105,0.186931
92,4,1268.242928,1678.982444,0.200061,-0.305946,0.365551
92,5,2109.571506,1199.838592,0.130211,-0.134912,0.187499
92,7,1456.282769,1525.097269,-0.155819,0.282690,0.322790
92,8,559.366835,1115.385530,-0.144920,-0.020151,0.146314
92,9,367.697220,1449.984146,0.125492,0.090226,0.154561
92,10,510.151356,125.070023,0.149807,0.068185,0.164594
92,11,238.180904,654.428365,-0.369806,-0.100798,0.383297
92,13,423.010478,232.040156,-0.248008,-0.175043,0.303559
92,14,1716.926092,218.416030,0.055608,-0.253145,0.259181
92,15,1032.770390,121.729045,-0.025258,0.065695,0.070384
92,16,1844.863754,676.525277,-0.218644,-0.092792,0.237519
92,17,1606.647893,92.998997,-0.132924,-0.117554,0.177447
92,18,95.970306,320.925777,0.031594,-0.022114,0.038564
92,19,438.707059,278.436855,-0.078682,0.120935,0.144278
92,20,1973.167433,81.036432,-0.166897,0.040952,0.171848
92,21,1358.196219,61.892465,-0.166390,-0.199216,0.259562
94,1,1485.420855,271.081939,0.113927,0.029320,0.117639
94,2,1673.370214,1175.419226,0.025108,0.155369,0.157384
94,3,1837.278533,464.521119,0.130122,-0.092097,0.159416
94,4,1342.584332,1564.224419,0.093041,-0.050242,0.105740
94,5,2072.210909,1015.872797,0.057450,-0.118456,0.131652
94,7,1580.060850,1362.976014,-0.324180,0.096031,0.338104
94,8,687.017819,1213.790265,-0.236478,0.018213,0.237178
94,9,572.960314,1456.330091,0.334364,0.239825,0.411479
94,10,505.210794,317.441798,0.009363,0.057250,0.058010
94,11,300.274434,736.717647,-0.071472,-0.330739,0.338374
94,12,1331.991124,65.588828,0.305013,-0.097243,0.320139
94,13,397.221162,341.420875,-0.191855,-0.200527,0.277523
94,14,1618.625540,195.716259,0.082019,-0.224710,0.239211
94,15,948.004199,176.139513,-0.183293,0.028742,0.185533
94,16,1787.074815,596.708994,-0.122053,-0.029681,0.125610
94,17,1452.722317,92.612077,-0.096431,-0.035832,0.102873
94,18,96.158951,481.173782,-0.232984,0.122135,0.263056
94,19,440.947928,444.927551,-0.060635,0.088934,0.107637
94,20,1816.975585,78.821177,0.031521,0.220679,0.222919
94,21,1198.672665,67.434660,-0.135434,-0.035595,0.140034
1001,1,1813.428356,1266.236709,-0.056663,0.092489,0.108467
1001,2,823.185374,1457.408868,-0.096004,-0.001856,0.096022
1001,3,1096.810101,1314.417209,0.028048,-0.040078,0.048918
1001,4,541.174285,809.348962,-0.229514,0.014592,0.229977
1001,5,430.777672,1178.391471,0.232355,0.175494,0.291182
1001,6,816.138817,150.508446,0.188316,0.094384,0.210645
1001,7,316.113482,688.219464,0.047994,-0.129917,0.138499
1001,8,1224.484763,153.584870,0.217064,-0.008980,0.217250
1001,9,575.943853,217.945557,-0.242599,-0.087787,0.257994
1001,10,1675.744711,312.506627,0.107735,-0.110024,0.153988
1001,11,1142.447905,191.297066,-0.028580,0.180540,0.182788
1001,12,1862.256657,860.384138,-0.091767,-0.003227,0.091823
1001,13,1642.620621,209.204622,0.037531,0.008532,0.038488
1001,14,1739.829123,1334.250190,-0.037522,0.360351,0.362299
1001,15,1905.861586,539.220319,0.082768,-0.270701,0.283072
1001,16,1474.557017,1527.970282,0.055558,0.283423,0.288817
1001,17,1663.239196,1366.710797,0.059613,-0.052383,0.079358
1001,18,1402.951663,249.037987,-0.094195,-0.156622,0.182765
1001,19,1810.689674,211.104282,-0.062029,-0.051175,0.080415
1001,20,2039.128188,1382.872860,0.284726,-0.303608,0.416229
1001,21,1447.967569,1376.812715,0.215125,-0.120369,0.246511
1002,1,428.556335,1255.332556,0.251227,0.147120,0.291135
1002,2,825.075705,262.586941,0.095108,0.007388,0.095394
1002,3,392.387102,640.792369,0.020305,-0.065335,0.068418
1002,4,1236.439550,146.852777,0.147319,-0.101448,0.178870
1002,5,659.968789,208.974881,-0.127564,-0.094398,0.158693
1002,6,1761.166226,344.386789,0.013433,-0.122088,0.122824
1002,7,1082.994118,120.158021,-0.094083,0.124753,0.156253
1002,8,1733.970081,786.808508,-0.091491,0.061154,0.110047
1002,9,1655.738976,216.715153,0.199372,0.050644,0.205704
1002,10,1691.543604,1345.622841,0.088920,0.250019,0.265361
1002,11,1822.197226,661.352805,0.173018,-0.187674,0.255258
1002,12,1422.483748,1512.145140,0.189337,0.006130,0.189436
1002,13,1845.788458,1202.265407,-0.142727,-0.010747,0.143131
1002,14,854.268674,1495.025465,-0.155296,-0.033088,0.158782
1002,15,1242.847223,1249.470643,0.019445,0.046232,0.050155
1002,16,770.279754,913.086142,-0.297218,-0.009450,0.297368
1002,17,483.380972,1373.728249,0.169575,0.220994,0.278557
1002,18,1428.818680,1472.172539,0.320624,0.002841,0.320636
1002,19,1844.071613,1438.799405,0.119689,-0.115129,0.166073
1002,20,833.508224,1390.055774,0.159108,0.136639,0.209727
1002,21,231.948571,1423.351068,-0.216392,-0.017119,0.217068
1003,1,1641.640742,360.475711,0.168535,-0.044042,0.174194
1003,2,1594.884193,1314.659607,0.059479,0.127527,0.140715
1003,3,1875.154230,611.321420,0.029661,-0.136195,0.139388
1003,4,1196.183954,1595.239841,0.034209,-0.117343,0.122228
1003,5,1901.089057,1200.423757,-0.134772,-0.009923,0.135137
1003,6,804.804830,1561.884400,-0.403549,-0.161743,0.434756
1003,7,1275.906395,1397.556771,0.063133,0.287412,0.294264
1003,8,657.155191,970.637694,-0.239409,0.034068,0.241821
1003,9,396.428310,1251.752557,0.408964,0.174175,0.444510
1003,10,695.392815,151.018958,0.215176,-0.066428,0.225196
1003,11,365.994205,585.872833,-0.200782,-0.260209,0.328667
1003,12,1474.384046,123.850916,0.265275,-0.143351,0.301530
1003,13,571.977850,225.815370,-0.271675,-0.145141,0.308015
1003,14,1722.816988,353.969950,0.014265,-0.109434,0.110360
1003,15,1123.615836,162.905793,0.023583,0.168488,0.170131
1003,16,1808.247984,765.708613,-0.123349,-0.036689,0.128689
1003,17,1615.892254,236.660027,-0.027970,-0.097020,0.100971
1003,18,245.318170,310.785483,-0.294478,0.023726,0.295432
1003,19,599.765073,266.482105,-0.069311,0.026962,0.074371
1003,20,1984.338204,230.211311,0.131571,0.180860,0.223654
1003,21,1370.012470,208.778044,-0.082985,-0.130288,0.154472
1004,1,635.605682,362.551558,-0.162585,-0.105360,0.193739
1004,2,1588.281087,417.025081,-0.115333,0.054811,0.127695
1004,3,1136.792078,172.024430,-0.141742,0.044001,0.148415
1004,4,1663.009697,891.993882,-0.088434,0.279175,0.292847
1004,5,1735.799991,202.015313,-0.023587,0.109901,0.112404
1004,6,1760.124134,1391.399275,0.091493,0.362058,0.373439
1004,7,1966.125403,544.761617,0.256105,-0.189719,0.318721
1004,8,1364.214837,1542.718482,0.139481,0.048891,0.147802
1004,9,1816.291509,1256.544599,-0.077939,-0.148977,0.168133
1004,10,698.270514,1493.461358,-0.170079,-0.118243,0.207143
1004,11,965.924075,1281.087349,-0.150263,0.104032,0.182761
1004,12,841.038689,700.489077,-0.277534,0.105315,0.296844
1004,13,405.059645,1229.645050,0.286658,0.271073,0.394529
1004,14,839.498595,204.755400,-0.035060,0.078217,0.085715
1004,15,423.365798,643.342471,0.074496,-0.123322,0.144077
1004,16,1307.875448,115.365162,0.367196,-0.072762,0.374336
1004,17,519.461497,253.936467,-0.026155,-0.023958,0.035469
1004,18,267.797333,1455.977509,-0.157954,0.151225,0.218674
1004,19,639.574551,1453.953062,0.218157,0.164670,0.273329
1004,20,856.687988,226.721409,-0.029216,0.014711,0.032711
1004,21,244.904229,268.914585,-0.233934,0.182880,0.296935
