2.22 
1.89 
1.72 
0.0657 
0.0657 
0.0629 
2.22 
1.89 
1.73 
0.0737 
0.0737 
0.0721 
2.36 
2.06 
1.73 
0.0715 
0.0715 
0.0706 
2.39 
2.04 
1.79 
0.0735 
0.0735 
0.0717 
2.39 
2.21 
1.56 
0.0626 
0.0625 
0.0585 
2.38 
2.22 
1.55 
0.0648 
0.0648 
0.0604 
2.36 
2.05 
1.73 
0.064 
0.064 
0.0635 
2.36 
2.06 
1.72 
0.0765 
0.0765 
0.0739 
2.21 
2.02 
1.57 
0.0657 
0.0657 
0.0564 
2.22 
2.01 
1.58 
0.069 
0.069 
0.0589 
2.39 
2.05 
1.78 
0.0713 
0.0713 
0.0726 
2.38 
2.08 
1.72 
0.0746 
0.0745 
0.0768 
2.37 
2.22 
1.53 
0.0643 
0.0642 
0.058 
2.37 
2.22 
1.54 
0.0701 
0.0701 
0.0645 
2.37 
2.01 
1.79 
0.0697 
0.0697 
0.0722 
2.35 
2.02 
1.76 
0.0733 
0.0732 
0.0751 
2.21 
2.2 
1.31 
0.0783 
0.0782 
0.0498 
2.21 
2.21 
1.29 
0.0753 
0.0752 
0.0492 
2.21 
2.21 
1.29 
0.0743 
0.0742 
0.0463 
2.22 
2.2 
1.3 
0.0766 
0.0765 
0.049 
2.22 
2.2 
1.31 
0.0759 
0.0759 
0.0492 
