-39.433463 
-1.168624 
-179.837163 
-0.044747 
1.294281 
1.469769 
-39.762676 
-1.855964 
-90.124118 
-0.029803 
1.527571 
1.639381 
-27.238029 
-28.555467 
-141.843240 
-1.144494 
0.966587 
1.582471 
-28.557476 
-30.326553 
-49.779613 
-1.143613 
0.991410 
1.637881 
4.377237 
-34.668098 
-87.139441 
-1.171035 
-0.082606 
1.411114 
2.109012 
-34.004266 
1.519422 
-1.213418 
-0.023856 
1.465713 
27.335088 
-28.302451 
-44.212664 
-1.034984 
-0.849421 
1.404685 
26.932581 
-28.124700 
44.871086 
-1.219154 
-0.966793 
1.715602 
30.395910 
0.180212 
0.085175 
0.024614 
-1.043622 
1.534786 
31.004582 
1.729314 
89.541886 
0.053948 
-1.093358 
1.617824 
27.635725 
30.742906 
42.337489 
1.270188 
-0.925299 
1.553329 
24.653247 
30.232799 
133.211338 
1.364875 
-0.981462 
1.614669 
0.526681 
33.153260 
88.703783 
1.131021 
-0.002321 
1.472239 
-1.752623 
33.625137 
-179.790269 
1.296703 
0.025632 
1.599197 
-30.765721 
28.174029 
138.432154 
1.171865 
1.054778 
1.502002 
-29.897650 
26.978519 
-134.621332 
1.194463 
1.119794 
1.590259 
-8.505887 
-0.498263 
179.399841 
-0.074881 
0.322208 
1.973167 
-4.764538 
0.651014 
88.785217 
-0.018834 
0.426345 
1.886153 
-4.395709 
-0.437447 
88.242494 
-0.039298 
0.078328 
1.876092 
-7.602918 
-1.553741 
179.948324 
0.201828 
0.282053 
1.926786 
-8.685974 
1.089811 
177.392263 
-0.229946 
0.320642 
1.906624 
