1.211 
1.082 
1.015 
0.038 
0.038 
0.037 
1.211 
1.080 
1.017 
0.043 
0.043 
0.042 
1.314 
1.146 
1.072 
0.042 
0.042 
0.041 
1.332 
1.140 
1.099 
0.043 
0.043 
0.042 
1.348 
1.209 
1.044 
0.036 
0.036 
0.034 
1.341 
1.211 
1.033 
0.037 
0.037 
0.035 
1.312 
1.145 
1.070 
0.037 
0.037 
0.037 
1.311 
1.147 
1.066 
0.044 
0.044 
0.043 
1.210 
1.131 
0.960 
0.038 
0.037 
0.034 
1.211 
1.128 
0.964 
0.039 
0.039 
0.035 
1.334 
1.144 
1.098 
0.042 
0.042 
0.042 
1.326 
1.157 
1.074 
0.044 
0.044 
0.044 
1.333 
1.211 
1.023 
0.037 
0.037 
0.034 
1.338 
1.211 
1.029 
0.040 
0.040 
0.038 
1.315 
1.129 
1.091 
0.041 
0.041 
0.042 
1.305 
1.133 
1.074 
0.043 
0.043 
0.043 
1.210 
1.205 
0.865 
0.043 
0.043 
0.032 
1.210 
1.209 
0.859 
0.042 
0.042 
0.031 
1.210 
1.209 
0.859 
0.041 
0.041 
0.030 
1.211 
1.206 
0.864 
0.042 
0.042 
0.032 
1.211 
1.204 
0.866 
0.042 
0.042 
0.032 
