-39.433627 
-1.168919 
-179.837046 
-0.044750 
1.294285 
1.469779 
-39.762480 
-1.856231 
-90.123987 
-0.029806 
1.527576 
1.639388 
-27.237931 
-28.555785 
-141.843063 
-1.144501 
0.966585 
1.582481 
-28.556991 
-30.326565 
-49.779239 
-1.143619 
0.991408 
1.637892 
4.377571 
-34.668297 
-87.139115 
-1.171042 
-0.082610 
1.411123 
2.109289 
-34.004127 
1.519720 
-1.213427 
-0.023860 
1.465720 
27.335377 
-28.302379 
-44.212390 
-1.034988 
-0.849427 
1.404696 
26.932538 
-28.124350 
44.871197 
-1.219159 
-0.966799 
1.715612 
30.396086 
0.180478 
0.085304 
0.024615 
-1.043629 
1.534796 
31.004396 
1.729552 
89.542030 
0.053949 
-1.093367 
1.617832 
27.635573 
30.743269 
42.337671 
1.270195 
-0.925300 
1.553340 
24.652779 
30.232881 
133.211688 
1.364885 
-0.981463 
1.614679 
0.526342 
33.153496 
88.704093 
1.131028 
-0.002321 
1.472248 
-1.752929 
33.625019 
-179.789966 
1.296712 
0.025632 
1.599203 
-30.766032 
28.173957 
138.432438 
1.171869 
1.054781 
1.502012 
-29.897629 
26.978166 
-134.621217 
1.194466 
1.119798 
1.590270 
-8.505967 
-0.498440 
179.399989 
-0.074880 
0.322203 
1.973180 
-4.764920 
0.651038 
88.785351 
-0.018841 
0.426349 
1.886164 
-4.395649 
-0.437417 
88.242632 
-0.039304 
0.078317 
1.876105 
-7.602928 
-1.553480 
179.948501 
0.201845 
0.282047 
1.926799 
-8.686010 
1.089375 
177.392395 
-0.229953 
0.320634 
1.906637 
