Project Units: meters
Units & Scale - Active, Translate - Active, Rotate - Active

Id,Name,Photos (used),X (project units),Y (project units),Z (project units),X Precision,Y Precision,Z Precision,Precision Vector Length,Tightness (percent),Tightness (project units),Angle (deg.),Control Name,RMS Residual (pixels),Largest Residual (pixels),Photo Largest Residual,Material,Layer,Tagged,Type,Use In Processing,Frozen,#Constraints,Target Code,Target Bits,Ref. Check Tag,Photos (marked),Color (R),Color (G),Color (B)
4," ","1,2,3,4,5,7,8,9,10,11,12,13,14,15,16,17,18,19,20,21",0.142971,1.143127,-0.000845,0.015246,0.015246,0.018792,0.028601,0.035162,0.000639,84.468805, ,0.242495,0.467846,20,White,Default, ,Regular,yes,no,0,n/a,n/a, ,"1,2,3,4,5,7,8,9,10,11,12,13,14,15,16,17,18,19,20,21",255,255,255
6," ","1,2,3,4,5,7,8,9,10,11,12,13,14,15,16,17,18,19,20,21",0.000124,1.143102,-0.000892,0.016117,0.016117,0.020194,0.030452,0.031057,0.000565,82.929918, ,0.266758,0.450258,16,White,Default, ,Regular,yes,no,0,n/a,n/a, ,"1,2,3,4,5,7,8,9,10,11,12,13,14,15,16,17,18,19,20,21",255,255,255
8," ","1,2,3,4,5,7,9,10,11,12,13,14,15,17,18,19,20,21",-0.142700,1.143062,-0.000568,0.017210,0.017210,0.021925,0.032758,0.045066,0.000819,80.948190, ,0.348407,0.657615,20,White,Default, ,Regular,yes,no,0,n/a,n/a, ,"1,2,3,4,5,7,9,10,11,12,13,14,15,17,18,19,20,21",255,255,255
9," ","1,2,3,4,5,6,7,8,9,10,11,12,13,14,15,16,17,18,19,20,21",0.856987,1.143140,0.000199,0.015246,0.015246,0.018793,0.028602,0.028623,0.000520,85.567658, ,0.225894,0.377310,1,White,Default, ,Regular,yes,no,0,n/a,n/a, ,"1,2,3,4,5,6,7,8,9,10,11,12,13,14,15,16,17,18,19,20,21",255,255,255
10," ","1,2,3,4,5,6,7,8,9,10,11,12,13,14,15,16,17,18,19,20,21",0.999810,1.143146,-0.001383,0.016117,0.016117,0.020196,0.030453,0.034356,0.000625,84.272499, ,0.244434,0.410813,6,White,Default, ,Regular,yes,no,0,n/a,n/a, ,"1,2,3,4,5,6,7,8,9,10,11,12,13,14,15,16,17,18,19,20,21",255,255,255
11," ","1,2,3,5,6,7,8,9,10,11,13,15,16,17,18,19,20,21",1.142611,1.143212,-0.000556,0.017210,0.017210,0.021927,0.032760,0.051154,0.000930,82.588911, ,0.379143,0.978872,21,White,Default, ,Regular,yes,no,0,n/a,n/a, ,"1,2,3,5,6,7,8,9,10,11,13,15,16,17,18,19,20,21",255,255,255
14," ","1,2,3,4,5,6,7,8,9,10,11,12,13,14,15,16,17,18,19,20,21",0.142939,1.000131,-0.000594,0.013998,0.013998,0.016739,0.025925,0.028019,0.000509,85.906578, ,0.206266,0.378591,5,White,Default, ,Regular,yes,no,0,n/a,n/a, ,"1,2,3,4,5,6,7,8,9,10,11,12,13,14,15,16,17,18,19,20,21",255,255,255
17," ","1,2,3,4,5,6,7,8,9,10,11,12,13,14,15,16,17,18,19,20,21",-0.142665,1.000091,0.000440,0.016115,0.016115,0.020193,0.030449,0.030883,0.000562,82.705129, ,0.236042,0.408785,9,White,Default, ,Regular,yes,no,0,n/a,n/a, ,"1,2,3,4,5,6,7,8,9,10,11,12,13,14,15,16,17,18,19,20,21",255,255,255
18," ","1,2,3,4,5,6,7,8,9,10,11,12,13,14,15,16,17,18,19,20,21",0.856985,1.000170,0.000392,0.013998,0.013998,0.016740,0.025925,0.026100,0.000475,87.091461, ,0.196806,0.417780,1,White,Default, ,Regular,yes,no,0,n/a,n/a, ,"1,2,3,4,5,6,7,8,9,10,11,12,13,14,15,16,17,18,19,20,21",255,255,255
19," ","1,2,3,4,5,6,7,8,9,10,11,12,13,14,15,16,17,18,19,20,21",1.142588,1.000157,-0.001017,0.016114,0.016114,0.020194,0.030449,0.033103,0.000602,84.106904, ,0.260880,0.405427,14,White,Default, ,Regular,yes,no,0,n/a,n/a, ,"1,2,3,4,5,6,7,8,9,10,11,12,13,14,15,16,17,18,19,20,21",255,255,255
80," ","1,2,3,4,5,6,7,8,9,11,12,13,14,15,17,18,19,20,21",1.142542,-0.000119,-0.002022,0.016114,0.016114,0.020191,0.030447,0.028044,0.000510,83.691782, ,0.221995,0.425194,6,White,Default, ,Regular,yes,no,0,n/a,n/a, ,"1,2,3,4,5,6,7,8,9,11,12,13,14,15,17,18,19,20,21",255,255,255
81," ","1,2,3,5,6,7,8,9,11,12,13,14,15,16,17,18,19,20,21",-0.142449,-0.000204,0.001886,0.016114,0.016114,0.020193,0.030447,0.055696,0.001013,81.715749, ,0.339688,0.756579,6,White,Default, ,Regular,yes,no,0,n/a,n/a, ,"1,2,3,5,6,7,8,9,11,12,13,14,15,16,17,18,19,20,21",255,255,255
82," ","1,2,3,4,5,6,7,8,9,10,11,12,13,14,15,16,17,18,19,20,21",0.856979,-0.000076,-0.001662,0.013997,0.013997,0.016738,0.025923,0.023822,0.000433,86.213400, ,0.194044,0.392947,13,White,Default, ,Regular,yes,no,0,n/a,n/a, ,"1,2,3,4,5,6,7,8,9,10,11,12,13,14,15,16,17,18,19,20,21",255,255,255
83," ","1,2,3,4,5,6,7,8,9,10,11,12,13,14,15,16,17,18,19,20,21",0.143060,-0.000047,-0.000050,0.013997,0.013997,0.016738,0.025923,0.027932,0.000508,84.885596, ,0.199667,0.513837,9,White,Default, ,Regular,yes,no,0,n/a,n/a, ,"1,2,3,4,5,6,7,8,9,10,11,12,13,14,15,16,17,18,19,20,21",255,255,255
88," ","1,2,3,4,5,6,7,9,11,12,13,15,17,18,19,20,21",1.142608,-0.142970,-0.002772,0.017209,0.017209,0.021922,0.032755,0.046048,0.000837,81.939770, ,0.331357,0.729442,18,White,Default, ,Regular,yes,no,0,n/a,n/a, ,"1,2,3,4,5,6,7,9,11,12,13,15,17,18,19,20,21",255,255,255
89," ","1,2,3,4,5,6,7,8,9,10,11,12,13,14,15,16,17,18,19,20,21",0.999816,-0.142990,-0.002546,0.016116,0.016116,0.020192,0.030449,0.030518,0.000555,83.434778, ,0.253978,0.429899,6,White,Default, ,Regular,yes,no,0,n/a,n/a, ,"1,2,3,4,5,6,7,8,9,10,11,12,13,14,15,16,17,18,19,20,21",255,255,255
90," ","1,2,3,5,8,9,11,13,14,15,16,17,18,19,20,21",-0.142592,-0.143030,0.001509,0.017209,0.017209,0.021925,0.032756,0.046427,0.000844,79.553068, ,0.326436,0.656155,20,White,Default, ,Regular,yes,no,0,n/a,n/a, ,"1,2,3,5,8,9,11,13,14,15,16,17,18,19,20,21",255,255,255
91," ","1,2,3,4,5,6,7,8,9,10,11,12,13,14,15,16,17,18,19,20,21",0.857067,-0.142941,-0.002183,0.015244,0.015244,0.018790,0.028598,0.024199,0.000440,84.483904, ,0.208851,0.363054,7,White,Default, ,Regular,yes,no,0,n/a,n/a, ,"1,2,3,4,5,6,7,8,9,10,11,12,13,14,15,16,17,18,19,20,21",255,255,255
92," ","1,2,3,4,5,7,8,9,10,11,13,14,15,16,17,18,19,20,21",0.000205,-0.142988,0.000401,0.016116,0.016116,0.020193,0.030450,0.032784,0.000596,81.099299, ,0.224291,0.383297,11,White,Default, ,Regular,yes,no,0,n/a,n/a, ,"1,2,3,4,5,7,8,9,10,11,13,14,15,16,17,18,19,20,21",255,255,255
94," ","1,2,3,4,5,7,8,9,10,11,12,13,14,15,16,17,18,19,20,21",0.143022,-0.142891,-0.000505,0.015243,0.015243,0.018789,0.028597,0.024018,0.000437,83.397325, ,0.223370,0.411479,9,White,Default, ,Regular,yes,no,0,n/a,n/a, ,"1,2,3,4,5,7,8,9,10,11,12,13,14,15,16,17,18,19,20,21",255,255,255
1001," ","1,2,3,4,5,6,7,8,9,10,11,12,13,14,15,16,17,18,19,20,21",0.000069,1.000148,-0.000651,0.014943,0.014943,0.018300,0.027955,0.032713,0.000595,84.249516,1,0.216068,0.416229,20,White,Default, ,Control,yes,no,0,1,1, ,"1,2,3,4,5,6,7,8,9,10,11,12,13,14,15,16,17,18,19,20,21",255,255,255
1002," ","1,2,3,4,5,6,7,8,9,10,11,12,13,14,15,16,17,18,19,20,21",0.999877,1.000149,0.000651,0.014942,0.014942,0.018301,0.027955,0.022079,0.000401,85.862833,2,0.201994,0.320636,18,White,Default, ,Control,yes,no,0,2,2, ,"1,2,3,4,5,6,7,8,9,10,11,12,13,14,15,16,17,18,19,20,21",255,255,255
1003," ","1,2,3,4,5,6,7,8,9,10,11,12,13,14,15,16,17,18,19,20,21",0.000229,-0.000094,0.000651,0.014941,0.014941,0.018299,0.027952,0.029604,0.000538,83.454250,3,0.240391,0.444510,9,White,Default, ,Control,yes,no,0,3,3, ,"1,2,3,4,5,6,7,8,9,10,11,12,13,14,15,16,17,18,19,20,21",255,255,255
1004," ","1,2,3,4,5,6,7,8,9,10,11,12,13,14,15,16,17,18,19,20,21",0.999824,-0.000202,-0.000651,0.014942,0.014942,0.018300,0.027954,0.028661,0.000521,85.213373,4,0.235711,0.394529,13,White,Default, ,Control,yes,no,0,4,4, ,"1,2,3,4,5,6,7,8,9,10,11,12,13,14,15,16,17,18,19,20,21",255,255,255
