Bundle Soln PhotoModeler Calibration Project
 0.000500 20 2272 1704
 1.00000  0.10000 10.00000 100.00000 100.00000 100.00000 20.00000 20.00000 20.00000
7.469318945039858 3.617774176308946 2.608659709564916 7.25320 5.43990 4.9806426949722668e-03 -9.8149008391330082e-05 0 -6.5897613784714646e-05 -2.8137237812200079e-05
 0.00000  0.00725  0.00544 0.500000 0.500000 0.001000 0.000100 0.000100 0.001000 0.001000
   0 e:\pm\weighted\camcal\images\P8250021.JPG
   0   -0.045    1.294    1.470 -179.837   -1.169  -39.434
   0   0.0381   0.0381   0.0366   1.0146   1.0820   1.2106

   0   7.469   3.618   2.609 7.25320 5.43990 0.00498 -0.00010 0.00000 -0.00007 -0.00003
   0  0.00000  0.00725  0.00544 0.500000 0.500000 0.001000 0.000100 0.000100 0.001000 0.001000
   1 e:\pm\weighted\camcal\images\P8250022.JPG
   1   -0.030    1.528    1.639  -90.124   -1.856  -39.762
   1   0.0428   0.0428   0.0419   1.0170   1.0801   1.2108

   1   7.469   3.618   2.609 7.25320 5.43990 0.00498 -0.00010 0.00000 -0.00007 -0.00003
   1  0.00000  0.00725  0.00544 0.500000 0.500000 0.001000 0.000100 0.000100 0.001000 0.001000
   2 e:\pm\weighted\camcal\images\P8250023.JPG
   2   -1.145    0.967    1.582 -141.843  -28.556  -27.238
   2   0.0416   0.0416   0.0409   1.0720   1.1459   1.3144

   2   7.469   3.618   2.609 7.25320 5.43990 0.00498 -0.00010 0.00000 -0.00007 -0.00003
   2  0.00000  0.00725  0.00544 0.500000 0.500000 0.001000 0.000100 0.000100 0.001000 0.001000
   3 e:\pm\weighted\camcal\images\P8250024.JPG
   3   -1.144    0.991    1.638  -49.779  -30.327  -28.557
   3   0.0427   0.0427   0.0416   1.0995   1.1398   1.3316

   3   7.469   3.618   2.609 7.25320 5.43990 0.00498 -0.00010 0.00000 -0.00007 -0.00003
   3  0.00000  0.00725  0.00544 0.500000 0.500000 0.001000 0.000100 0.000100 0.001000 0.001000
   4 e:\pm\weighted\camcal\images\P8250025.JPG
   4   -1.171   -0.083    1.411  -87.139  -34.668    4.378
   4   0.0362   0.0362   0.0342   1.0440   1.2093   1.3482

   4   7.469   3.618   2.609 7.25320 5.43990 0.00498 -0.00010 0.00000 -0.00007 -0.00003
   4  0.00000  0.00725  0.00544 0.500000 0.500000 0.001000 0.000100 0.000100 0.001000 0.001000
   5 e:\pm\weighted\camcal\images\P8250026.JPG
   5   -1.213   -0.024    1.466    1.520  -34.004    2.109
   5   0.0374   0.0374   0.0353   1.0334   1.2107   1.3413

   5   7.469   3.618   2.609 7.25320 5.43990 0.00498 -0.00010 0.00000 -0.00007 -0.00003
   5  0.00000  0.00725  0.00544 0.500000 0.500000 0.001000 0.000100 0.000100 0.001000 0.001000
   6 e:\pm\weighted\camcal\images\P8250027.JPG
   6   -1.035   -0.849    1.405  -44.212  -28.302   27.335
   6   0.0373   0.0373   0.0368   1.0701   1.1454   1.3125

   6   7.469   3.618   2.609 7.25320 5.43990 0.00498 -0.00010 0.00000 -0.00007 -0.00003
   6  0.00000  0.00725  0.00544 0.500000 0.500000 0.001000 0.000100 0.000100 0.001000 0.001000
   7 e:\pm\weighted\camcal\images\P8250028.JPG
   7   -1.219   -0.967    1.716   44.871  -28.124   26.933
   7   0.0444   0.0443   0.0430   1.0658   1.1473   1.3106

   7   7.469   3.618   2.609 7.25320 5.43990 0.00498 -0.00010 0.00000 -0.00007 -0.00003
   7  0.00000  0.00725  0.00544 0.500000 0.500000 0.001000 0.000100 0.000100 0.001000 0.001000
   8 e:\pm\weighted\camcal\images\P8250029.JPG
   8    0.025   -1.044    1.535    0.085    0.180   30.396
   8   0.0375   0.0375   0.0335   0.9596   1.1309   1.2104

   8   7.469   3.618   2.609 7.25320 5.43990 0.00498 -0.00010 0.00000 -0.00007 -0.00003
   8  0.00000  0.00725  0.00544 0.500000 0.500000 0.001000 0.000100 0.000100 0.001000 0.001000
   9 e:\pm\weighted\camcal\images\P8250030.JPG
   9    0.054   -1.093    1.618   89.542    1.730   31.004
   9   0.0394   0.0393   0.0351   0.9636   1.1279   1.2107

   9   7.469   3.618   2.609 7.25320 5.43990 0.00498 -0.00010 0.00000 -0.00007 -0.00003
   9  0.00000  0.00725  0.00544 0.500000 0.500000 0.001000 0.000100 0.000100 0.001000 0.001000
  10 e:\pm\weighted\camcal\images\P8250031.JPG
  10    1.270   -0.925    1.553   42.338   30.743   27.636
  10   0.0417   0.0417   0.0419   1.0982   1.1441   1.3342

  10   7.469   3.618   2.609 7.25320 5.43990 0.00498 -0.00010 0.00000 -0.00007 -0.00003
  10  0.00000  0.00725  0.00544 0.500000 0.500000 0.001000 0.000100 0.000100 0.001000 0.001000
  11 e:\pm\weighted\camcal\images\P8250032.JPG
  11    1.365   -0.981    1.615  133.212   30.233   24.653
  11   0.0437   0.0437   0.0442   1.0737   1.1572   1.3256

  11   7.469   3.618   2.609 7.25320 5.43990 0.00498 -0.00010 0.00000 -0.00007 -0.00003
  11  0.00000  0.00725  0.00544 0.500000 0.500000 0.001000 0.000100 0.000100 0.001000 0.001000
  12 e:\pm\weighted\camcal\images\P8250033.JPG
  12    1.131   -0.002    1.472   88.704   33.153    0.526
  12   0.0370   0.0369   0.0342   1.0226   1.2111   1.3334

  12   7.469   3.618   2.609 7.25320 5.43990 0.00498 -0.00010 0.00000 -0.00007 -0.00003
  12  0.00000  0.00725  0.00544 0.500000 0.500000 0.001000 0.000100 0.000100 0.001000 0.001000
  13 e:\pm\weighted\camcal\images\P8250034.JPG
  13    1.297    0.026    1.599 -179.790   33.625   -1.753
  13   0.0404   0.0404   0.0379   1.0286   1.2108   1.3378

  13   7.469   3.618   2.609 7.25320 5.43990 0.00498 -0.00010 0.00000 -0.00007 -0.00003
  13  0.00000  0.00725  0.00544 0.500000 0.500000 0.001000 0.000100 0.000100 0.001000 0.001000
  14 e:\pm\weighted\camcal\images\P8250035.JPG
  14    1.172    1.055    1.502  138.432   28.174  -30.766
  14   0.0409   0.0409   0.0415   1.0910   1.1291   1.3155

  14   7.469   3.618   2.609 7.25320 5.43990 0.00498 -0.00010 0.00000 -0.00007 -0.00003
  14  0.00000  0.00725  0.00544 0.500000 0.500000 0.001000 0.000100 0.000100 0.001000 0.001000
  15 e:\pm\weighted\camcal\images\P8250036.JPG
  15    1.194    1.120    1.590 -134.621   26.978  -29.898
  15   0.0429   0.0429   0.0433   1.0735   1.1334   1.3047

  15   7.469   3.618   2.609 7.25320 5.43990 0.00498 -0.00010 0.00000 -0.00007 -0.00003
  15  0.00000  0.00725  0.00544 0.500000 0.500000 0.001000 0.000100 0.000100 0.001000 0.001000
  16 e:\pm\weighted\camcal\images\P8250037.JPG
  16   -0.075    0.322    1.973  179.400   -0.498   -8.506
  16   0.0433   0.0433   0.0321   0.8655   1.2045   1.2105

  16   7.469   3.618   2.609 7.25320 5.43990 0.00498 -0.00010 0.00000 -0.00007 -0.00003
  16  0.00000  0.00725  0.00544 0.500000 0.500000 0.001000 0.000100 0.000100 0.001000 0.001000
  17 e:\pm\weighted\camcal\images\P8250038.JPG
  17   -0.019    0.426    1.886   88.785    0.651   -4.765
  17   0.0417   0.0417   0.0314   0.8591   1.2091   1.2105

  17   7.469   3.618   2.609 7.25320 5.43990 0.00498 -0.00010 0.00000 -0.00007 -0.00003
  17  0.00000  0.00725  0.00544 0.500000 0.500000 0.001000 0.000100 0.000100 0.001000 0.001000
  18 e:\pm\weighted\camcal\images\P8250039.JPG
  18   -0.039    0.078    1.876   88.243   -0.437   -4.396
  18   0.0411   0.0410   0.0300   0.8587   1.2094   1.2105

  18   7.469   3.618   2.609 7.25320 5.43990 0.00498 -0.00010 0.00000 -0.00007 -0.00003
  18  0.00000  0.00725  0.00544 0.500000 0.500000 0.001000 0.000100 0.000100 0.001000 0.001000
  19 e:\pm\weighted\camcal\images\P8250040.JPG
  19    0.202    0.282    1.927  179.949   -1.553   -7.603
  19   0.0424   0.0424   0.0315   0.8639   1.2058   1.2107

  19   7.469   3.618   2.609 7.25320 5.43990 0.00498 -0.00010 0.00000 -0.00007 -0.00003
  19  0.00000  0.00725  0.00544 0.500000 0.500000 0.001000 0.000100 0.000100 0.001000 0.001000
  20 e:\pm\weighted\camcal\images\P8250041.JPG
  20   -0.230    0.321    1.907  177.392    1.089   -8.686
  20   0.0421   0.0421   0.0315   0.8660   1.2042   1.2105

  20   7.469   3.618   2.609 7.25320 5.43990 0.00498 -0.00010 0.00000 -0.00007 -0.00003
  20  0.00000  0.00725  0.00544 0.500000 0.500000 0.001000 0.000100 0.000100 0.001000 0.001000

    1001   -0.49993    0.50015   -0.00065   0.014943   0.014943   0.018300
    1002    0.49988    0.50015    0.00065   0.014942   0.014942   0.018301
    1004    0.49982   -0.50020   -0.00065   0.014942   0.014942   0.018300
    1003   -0.49977   -0.50009    0.00065   0.014941   0.014941   0.018299

       4   -0.35703    0.64313   -0.00084   0.015246   0.015246   0.018792
       6   -0.49988    0.64310   -0.00089   0.016117   0.016117   0.020194
       8   -0.64270    0.64306   -0.00057   0.017210   0.017210   0.021925
       9    0.35699    0.64314    0.00020   0.015246   0.015246   0.018793
      10    0.49981    0.64315   -0.00138   0.016117   0.016117   0.020196
      11    0.64261    0.64321   -0.00056   0.017210   0.017210   0.021927
      14   -0.35706    0.50013   -0.00059   0.013998   0.013998   0.016739
    1001   -0.49993    0.50015   -0.00065   0.014943   0.014943   0.018300
      17   -0.64266    0.50009    0.00044   0.016115   0.016115   0.020193
      18    0.35699    0.50017    0.00039   0.013998   0.013998   0.016740
    1002    0.49988    0.50015    0.00065   0.014942   0.014942   0.018301
      19    0.64259    0.50016   -0.00102   0.016114   0.016114   0.020194
      80    0.64254   -0.50012   -0.00202   0.016114   0.016114   0.020191
    1004    0.49982   -0.50020   -0.00065   0.014942   0.014942   0.018300
      81   -0.64245   -0.50020    0.00189   0.016114   0.016114   0.020193
    1003   -0.49977   -0.50009    0.00065   0.014941   0.014941   0.018299
      82    0.35698   -0.50008   -0.00166   0.013997   0.013997   0.016738
      83   -0.35694   -0.50005   -0.00005   0.013997   0.013997   0.016738
      88    0.64261   -0.64297   -0.00277   0.017209   0.017209   0.021922
      89    0.49982   -0.64299   -0.00255   0.016116   0.016116   0.020192
      90   -0.64259   -0.64303    0.00151   0.017209   0.017209   0.021925
      91    0.35707   -0.64294   -0.00218   0.015244   0.015244   0.018790
      92   -0.49980   -0.64299    0.00040   0.016116   0.016116   0.020193
      94   -0.35698   -0.64289   -0.00050   0.015243   0.015243   0.018789

   0        4 1638.5148 1454.0811  0.10000  0.10000
   0        6 1844.4644 1450.3823  0.10000  0.10000
   0        8 2047.1395 1446.2662  0.10000  0.10000
   0        9  591.4144 1443.8697  0.10000  0.10000
   0       10  391.6128 1437.6830  0.10000  0.10000
   0       11  195.6615 1429.8491  0.10000  0.10000
   0       14 1617.4939 1268.7603  0.10000  0.10000
   0     1001 1813.4284 1266.2367  0.10000  0.10000
   0       17 2005.8948 1262.2445  0.10000  0.10000
   0       18  619.7495 1260.9004  0.10000  0.10000
   0     1002  428.5563 1255.3326  0.10000  0.10000
   0       19  243.4372 1250.7945  0.10000  0.10000
   0       80  497.5415  366.5497  0.10000  0.10000
   0     1004  635.6057  362.5516  0.10000  0.10000
   0       81 1783.1065  362.0649  0.10000  0.10000
   0     1003 1641.6407  360.4757  0.10000  0.10000
   0       82  776.5702  361.0723  0.10000  0.10000
   0       83 1498.4564  359.0714  0.10000  0.10000
   0       88  525.2250  279.7664  0.10000  0.10000
   0       89  658.3035  276.3722  0.10000  0.10000
   0       90 1758.8551  274.3339  0.10000  0.10000
   0       91  793.3730  273.5425  0.10000  0.10000
   0       92 1622.8272  272.4571  0.10000  0.10000
   0       94 1485.4209  271.0819  0.10000  0.10000
   1        8  674.8753 1655.9416  0.10000  0.10000
   1       17  826.2849 1623.7844  0.10000  0.10000
   1        6  671.4747 1482.3483  0.10000  0.10000
   1     1001  823.1854 1457.4089  0.10000  0.10000
   1       81 1594.2804 1441.2207  0.10000  0.10000
   1       90 1672.1291 1420.7033  0.10000  0.10000
   1     1003 1594.8842 1314.6596  0.10000  0.10000
   1        4  668.6146 1305.8921  0.10000  0.10000
   1       92 1672.9755 1298.5880  0.10000  0.10000
   1       14  821.2664 1288.3565  0.10000  0.10000
   1       83 1595.3231 1186.8451  0.10000  0.10000
   1       94 1673.3702 1175.4192  0.10000  0.10000
   1       91 1667.8809  555.8550  0.10000  0.10000
   1       82 1590.1263  543.4022  0.10000  0.10000
   1       89 1664.8569  434.2462  0.10000  0.10000
   1       18  822.5800  428.9426  0.10000  0.10000
   1     1004 1588.2811  417.0251  0.10000  0.10000
   1        9  671.3576  408.5336  0.10000  0.10000
   1       88 1661.2624  314.3351  0.10000  0.10000
   1       80 1584.0763  292.9147  0.10000  0.10000
   1     1002  825.0757  262.5869  0.10000  0.10000
   1       10  674.0655  235.6502  0.10000  0.10000
   1       19  826.6706  100.9158  0.10000  0.10000
   1       11  678.7676   66.3951  0.10000  0.10000
   2        8 1088.3676 1570.9448  0.10000  0.10000
   2        6  954.5825 1438.4888  0.10000  0.10000
   2       17 1231.8811 1437.9110  0.10000  0.10000
   2     1001 1096.8101 1314.4172  0.10000  0.10000
   2        4  830.5227 1313.6101  0.10000  0.10000
   2       14  970.8691 1197.3100  0.10000  0.10000
   2        9  344.1180  803.6104  0.10000  0.10000
   2       10  269.6482  723.5235  0.10000  0.10000
   2       18  470.4281  717.5203  0.10000  0.10000
   2       81 2003.3195  689.8042  0.10000  0.10000
   2       11  199.9489  647.5773  0.10000  0.10000
   2     1002  392.3871  640.7924  0.10000  0.10000
   2     1003 1875.1542  611.3214  0.10000  0.10000
   2       90 2084.4036  608.8637  0.10000  0.10000
   2       19  320.7993  570.8962  0.10000  0.10000
   2       83 1752.8452  536.6409  0.10000  0.10000
   2       92 1957.9327  534.7292  0.10000  0.10000
   2       94 1837.2785  464.5211  0.10000  0.10000
   2       82 1225.8913  224.1621  0.10000  0.10000
   2     1004 1136.7921  172.0244  0.10000  0.10000
   2       91 1314.2073  168.7311  0.10000  0.10000
   2       80 1052.5788  125.1771  0.10000  0.10000
   2       89 1224.9400  120.1542  0.10000  0.10000
   2       88 1140.4682   74.7817  0.10000  0.10000
   3       92 1268.2429 1678.9824  0.10000  0.10000
   3     1003 1196.1840 1595.2398  0.10000  0.10000
   3       94 1342.5843 1564.2244  0.10000  0.10000
   3       83 1274.9148 1479.1463  0.10000  0.10000
   3       91 1658.1214 1065.3652  0.10000  0.10000
   3       89 1710.3271  979.8810  0.10000  0.10000
   3       82 1607.2739  977.1622  0.10000  0.10000
   3       17  414.2572  935.7003  0.10000  0.10000
   3       88 1759.2626  899.0250  0.10000  0.10000
   3     1004 1663.0097  891.9939  0.10000  0.10000
   3       80 1713.4328  811.2894  0.10000  0.10000
   3     1001  541.1743  809.3490  0.10000  0.10000
   3        8  290.6419  790.4740  0.10000  0.10000
   3       14  661.4663  691.4445  0.10000  0.10000
   3        6  426.5089  665.6899  0.10000  0.10000
   3        4  554.3998  549.8670  0.10000  0.10000
   3       18 1156.8406  220.4928  0.10000  0.10000
   3     1002 1236.4396  146.8528  0.10000  0.10000
   3        9 1078.6537   93.5783  0.10000  0.10000
   3       19 1309.0328   79.2073  0.10000  0.10000
   3       10 1161.3232   23.5280  0.10000  0.10000
   4       90 2149.9919 1402.0343  0.10000  0.10000
   4       81 1929.7138 1402.4709  0.10000  0.10000
   4       17  389.5772 1371.1960  0.10000  0.10000
   4        8  189.7586 1361.9903  0.10000  0.10000
   4       92 2109.5715 1199.8386  0.10000  0.10000
   4     1003 1901.0891 1200.4238  0.10000  0.10000
   4     1001  430.7777 1178.3915  0.10000  0.10000
   4        6  239.5127 1171.3794  0.10000  0.10000
   4       94 2072.2109 1015.8728  0.10000  0.10000
   4       83 1873.9028 1015.4987  0.10000  0.10000
   4       14  469.2908 1000.5716  0.10000  0.10000
   4        4  286.0341  996.5110  0.10000  0.10000
   4        9  482.0227  317.7184  0.10000  0.10000
   4       18  633.0659  313.2852  0.10000  0.10000
   4       91 1914.9326  312.0068  0.10000  0.10000
   4       82 1755.2634  309.1102  0.10000  0.10000
   4       10  514.8508  215.4855  0.10000  0.10000
   4     1002  659.9688  208.9749  0.10000  0.10000
   4       89 1888.9250  205.8930  0.10000  0.10000
   4     1004 1735.8000  202.0153  0.10000  0.10000
   4       11  544.8392  119.8353  0.10000  0.10000
   4       19  685.2890  115.0302  0.10000  0.10000
   4       88 1864.6231  108.5819  0.10000  0.10000
   4       80 1716.9555  105.8210  0.10000  0.10000
   5       81  615.1470 1591.1505  0.10000  0.10000
   5       91 1652.0042 1564.0544  0.10000  0.10000
   5     1003  804.8048 1561.8844  0.10000  0.10000
   5       89 1755.0500 1538.0092  0.10000  0.10000
   5       83  979.3579 1533.9133  0.10000  0.10000
   5       88 1849.9301 1513.4529  0.10000  0.10000
   5       82 1655.9138 1411.6240  0.10000  0.10000
   5     1004 1760.1241 1391.3993  0.10000  0.10000
   5       80 1854.0028 1371.8763  0.10000  0.10000
   5       19 1853.9495  366.1155  0.10000  0.10000
   5     1002 1761.1662  344.3868  0.10000  0.10000
   5       18 1658.5668  321.3220  0.10000  0.10000
   5       11 1850.4265  226.7152  0.10000  0.10000
   5       10 1755.7801  200.3043  0.10000  0.10000
   5       14  988.4437  182.7605  0.10000  0.10000
   5        9 1655.0577  171.5885  0.10000  0.10000
   5     1001  816.1388  150.5084  0.10000  0.10000
   5       17  629.9163  116.3978  0.10000  0.10000
   6       81 1137.3199 1560.1950  0.10000  0.10000
   6       92 1456.2828 1525.0973  0.10000  0.10000
   6     1003 1275.9064 1397.5568  0.10000  0.10000
   6       94 1580.0609 1362.9760  0.10000  0.10000
   6       83 1403.7442 1245.2470  0.10000  0.10000
   6       17  180.9900  791.4337  0.10000  0.10000
   6       91 2045.5237  720.4391  0.10000  0.10000
   6        8   84.6891  710.9733  0.10000  0.10000
   6     1001  316.1135  688.2195  0.10000  0.10000
   6       82 1892.3287  639.3797  0.10000  0.10000
   6       89 2114.7928  621.5084  0.10000  0.10000
   6        6  217.9674  612.9373  0.10000  0.10000
   6       14  444.1865  589.9635  0.10000  0.10000
   6     1004 1966.1254  544.7616  0.10000  0.10000
   6       88 2178.4831  530.2285  0.10000  0.10000
   6        4  344.4674  520.3720  0.10000  0.10000
   6       80 2033.2396  459.3475  0.10000  0.10000
   6       18  991.5806  185.2850  0.10000  0.10000
   6        9  888.5148  136.3277  0.10000  0.10000
   6     1002 1082.9941  120.1580  0.10000  0.10000
   6       10  980.4225   75.5522  0.10000  0.10000
   6       19 1168.8319   61.1478  0.10000  0.10000
   6       11 1066.9693   17.1414  0.10000  0.10000
   7       89 1299.6545 1666.2804  0.10000  0.10000
   7       91 1214.4260 1604.9192  0.10000  0.10000
   7       80 1439.6192 1602.2409  0.10000  0.10000
   7     1004 1364.2148 1542.7185  0.10000  0.10000
   7       82 1281.7830 1478.0153  0.10000  0.10000
   7       94  687.0178 1213.7903  0.10000  0.10000
   7       92  559.3668 1115.3855  0.10000  0.10000
   7       83  778.6249 1071.6826  0.10000  0.10000
   7       90  424.1163 1009.5411  0.10000  0.10000
   7     1003  657.1552  970.6377  0.10000  0.10000
   7       19 1789.5652  860.1039  0.10000  0.10000
   7       81  528.9615  862.5728  0.10000  0.10000
   7     1002 1733.9701  786.8085  0.10000  0.10000
   7       11 1829.9500  769.8772  0.10000  0.10000
   7       18 1673.4220  709.3492  0.10000  0.10000
   7       10 1774.8041  695.9262  0.10000  0.10000
   7        9 1717.8265  617.9162  0.10000  0.10000
   7       14 1310.1450  257.3074  0.10000  0.10000
   7        4 1370.0138  166.7764  0.10000  0.10000
   7     1001 1224.4848  153.5849  0.10000  0.10000
   7        6 1288.3947   63.9286  0.10000  0.10000
   7       17 1135.2311   45.1134  0.10000  0.10000
   8       91 1634.5002 1460.9813  0.10000  0.10000
   8       89 1841.3259 1456.2383  0.10000  0.10000
   8       94  572.9603 1456.3301  0.10000  0.10000
   8       88 2044.0738 1450.9854  0.10000  0.10000
   8       92  367.6972 1449.9841  0.10000  0.10000
   8       90  166.5078 1443.5930  0.10000  0.10000
   8       82 1616.7641 1260.4533  0.10000  0.10000
   8     1004 1816.2915 1256.5446  0.10000  0.10000
   8       83  593.7994 1256.6593  0.10000  0.10000
   8       80 2010.2406 1253.1363  0.10000  0.10000
   8     1003  396.4283 1251.7526  0.10000  0.10000
   8       81  203.8072 1246.5227  0.10000  0.10000
   8       19 1805.8669  221.7112  0.10000  0.10000
   8       17  426.4746  220.6614  0.10000  0.10000
   8     1001  575.9439  217.9456  0.10000  0.10000
   8     1002 1655.7390  216.7152  0.10000  0.10000
   8       14  727.6699  214.7813  0.10000  0.10000
   8       18 1502.8672  213.7731  0.10000  0.10000
   8        8  452.7718  115.7022  0.10000  0.10000
   8       11 1781.9003  115.3079  0.10000  0.10000
   8       10 1636.4401  112.1131  0.10000  0.10000
   8        6  597.1590  112.1213  0.10000  0.10000
   8        4  743.5073  108.9402  0.10000  0.10000
   8        9 1489.3561  107.7900  0.10000  0.10000
   9       89  509.2691 1516.1979  0.10000  0.10000
   9       19 1688.9915 1490.6350  0.10000  0.10000
   9     1004  698.2705 1493.4614  0.10000  0.10000
   9       11 1791.9576 1468.1043  0.10000  0.10000
   9     1002 1691.5436 1345.6228  0.10000  0.10000
   9       10 1792.7745 1327.5074  0.10000  0.10000
   9       91  504.5434 1318.8532  0.10000  0.10000
   9       82  693.8107 1302.8983  0.10000  0.10000
   9       18 1692.1113 1198.2711  0.10000  0.10000
   9        9 1794.6282 1185.5462  0.10000  0.10000
   9        4 1782.8019  471.1633  0.10000  0.10000
   9       14 1680.6311  456.8661  0.10000  0.10000
   9        6 1777.7392  331.7244  0.10000  0.10000
   9       83  692.1863  336.5010  0.10000  0.10000
   9     1001 1675.7447  312.5066  0.10000  0.10000
   9       94  505.2108  317.4418  0.10000  0.10000
   9        8 1772.2531  194.5231  0.10000  0.10000
   9       17 1671.1782  170.5313  0.10000  0.10000
   9     1003  695.3928  151.0190  0.10000  0.10000
   9       92  510.1514  125.0700  0.10000  0.10000
  10       88  927.4866 1529.9439  0.10000  0.10000
  10       80 1084.2958 1413.3542  0.10000  0.10000
  10       89  812.1928 1390.1555  0.10000  0.10000
  10     1004  965.9241 1281.0873  0.10000  0.10000
  10       91  706.5621 1259.5749  0.10000  0.10000
  10       82  856.8167 1158.7234  0.10000  0.10000
  10       19 1941.4285  748.6145  0.10000  0.10000
  10       94  300.2744  736.7176  0.10000  0.10000
  10       11 2032.4410  675.3385  0.10000  0.10000
  10       83  431.4156  664.0499  0.10000  0.10000
  10     1002 1822.1972  661.3528  0.10000  0.10000
  10       92  238.1809  654.4284  0.10000  0.10000
  10       10 1913.9389  594.5575  0.10000  0.10000
  10     1003  365.9942  585.8728  0.10000  0.10000
  10       18 1708.3853  580.2665  0.10000  0.10000
  10       90  179.7288  577.6418  0.10000  0.10000
  10        9 1801.4986  516.5728  0.10000  0.10000
  10       81  305.0199  513.1954  0.10000  0.10000
  10       14 1223.5482  245.7714  0.10000  0.10000
  10        4 1317.4908  198.5191  0.10000  0.10000
  10     1001 1142.4479  191.2971  0.10000  0.10000
  10        6 1235.6578  146.5539  0.10000  0.10000
  10       17 1066.1741  139.6888  0.10000  0.10000
  10        8 1158.2080   97.6282  0.10000  0.10000
  11       19 1340.8973 1625.4494  0.10000  0.10000
  11       10 1486.2165 1601.5302  0.10000  0.10000
  11     1002 1422.4837 1512.1451  0.10000  0.10000
  11        9 1559.3274 1494.1694  0.10000  0.10000
  11       18 1498.1620 1403.6877  0.10000  0.10000
  11        4 1857.9205 1029.3347  0.10000  0.10000
  11        6 1906.9522  950.1764  0.10000  0.10000
  11       14 1811.0331  938.8476  0.10000  0.10000
  11        8 1953.2080  875.0282  0.10000  0.10000
  11     1001 1862.2567  860.3841  0.10000  0.10000
  11       80  721.2580  811.7206  0.10000  0.10000
  11       17 1910.9601  786.3256  0.10000  0.10000
  11     1004  841.0387  700.4891  0.10000  0.10000
  11       88  613.5271  666.2455  0.10000  0.10000
  11       82  951.9056  597.4728  0.10000  0.10000
  11       89  739.3929  557.7743  0.10000  0.10000
  11       91  857.2176  457.7880  0.10000  0.10000
  11       83 1402.3882  188.1294  0.10000  0.10000
  11     1003 1474.3840  123.8509  0.10000  0.10000
  11       81 1541.4828   63.5146  0.10000  0.10000
  11       94 1331.9911   65.5888  0.10000  0.10000
  12       80  378.1903 1427.9921  0.10000  0.10000
  12       88  172.6933 1426.7673  0.10000  0.10000
  12       19 1880.0498 1398.9979  0.10000  0.10000
  12       11 2084.9841 1389.0428  0.10000  0.10000
  12       89  209.6171 1230.0944  0.10000  0.10000
  12     1004  405.0596 1229.6451  0.10000  0.10000
  12     1002 1845.7885 1202.2654  0.10000  0.10000
  12       10 2040.3980 1195.4336  0.10000  0.10000
  12       91  244.4531 1049.2905  0.10000  0.10000
  12       82  432.1565 1047.8719  0.10000  0.10000
  12       18 1812.3746 1021.5618  0.10000  0.10000
  12        9 1999.6741 1015.8845  0.10000  0.10000
  12       94  397.2212  341.4209  0.10000  0.10000
  12       83  551.5552  335.2170  0.10000  0.10000
  12        4 1820.9830  318.0625  0.10000  0.10000
  12       14 1666.8653  317.0040  0.10000  0.10000
  12       92  423.0105  232.0402  0.10000  0.10000
  12     1003  571.9778  225.8154  0.10000  0.10000
  12        6 1791.1010  210.7182  0.10000  0.10000
  12     1001 1642.6206  209.2046  0.10000  0.10000
  12       90  447.2726  131.1480  0.10000  0.10000
  12       81  590.7092  124.9030  0.10000  0.10000
  12        8 1763.3055  111.6461  0.10000  0.10000
  12       17 1619.9894  109.3033  0.10000  0.10000
  13       10  857.7288 1672.8109  0.10000  0.10000
  13        9 1016.3709 1640.6038  0.10000  0.10000
  13       19  681.7788 1521.2750  0.10000  0.10000
  13        4 1640.9738 1496.5317  0.10000  0.10000
  13     1002  854.2687 1495.0255  0.10000  0.10000
  13        6 1738.7805 1471.9556  0.10000  0.10000
  13       18 1013.3705 1469.0770  0.10000  0.10000
  13        8 1829.5929 1448.9941  0.10000  0.10000
  13       14 1641.8354 1353.7991  0.10000  0.10000
  13     1001 1739.8291 1334.2502  0.10000  0.10000
  13       17 1831.2001 1315.6582  0.10000  0.10000
  13       81 1814.1854  370.6305  0.10000  0.10000
  13     1003 1722.8170  353.9699  0.10000  0.10000
  13       83 1624.4567  335.9711  0.10000  0.10000
  13       90 1808.1131  239.7127  0.10000  0.10000
  13       82  996.8909  229.3656  0.10000  0.10000
  13       92 1716.9261  218.4160  0.10000  0.10000
  13     1004  839.4986  204.7554  0.10000  0.10000
  13       94 1618.6255  195.7163  0.10000  0.10000
  13       80  668.6529  180.3988  0.10000  0.10000
  13       91  995.5239   61.6553  0.10000  0.10000
  13       89  839.1901   31.2956  0.10000  0.10000
  14       11 1269.9281 1502.9005  0.10000  0.10000
  14       19 1114.2559 1383.5665  0.10000  0.10000
  14       10 1396.9728 1361.3564  0.10000  0.10000
  14     1002 1242.8472 1249.4706  0.10000  0.10000
  14        9 1514.4557 1227.1489  0.10000  0.10000
  14       18 1362.4546 1124.6143  0.10000  0.10000
  14       80  303.2344  730.5707  0.10000  0.10000
  14        4 1969.1066  691.4328  0.10000  0.10000
  14       88  220.5399  661.9211  0.10000  0.10000
  14     1004  423.3658  643.3425  0.10000  0.10000
  14       14 1832.9143  619.3788  0.10000  0.10000
  14        6 2038.9957  606.6785  0.10000  0.10000
  14       89  339.0628  580.1977  0.10000  0.10000
  14       82  539.2573  562.4809  0.10000  0.10000
  14     1001 1905.8616  539.2203  0.10000  0.10000
  14        8 2103.7794  527.7688  0.10000  0.10000
  14       91  452.6241  502.6644  0.10000  0.10000
  14       17 1973.6366  464.1433  0.10000  0.10000
  14       83 1038.8129  219.5392  0.10000  0.10000
  14       94  948.0042  176.1395  0.10000  0.10000
  14     1003 1123.6158  162.9058  0.10000  0.10000
  14       92 1032.7704  121.7290  0.10000  0.10000
  14       81 1203.5969  109.3728  0.10000  0.10000
  14       90 1113.2927   70.6236  0.10000  0.10000
  15        6 1414.6600 1656.4639  0.10000  0.10000
  15       17 1550.5091 1592.3280  0.10000  0.10000
  15        4 1329.8971 1590.3836  0.10000  0.10000
  15     1001 1474.5570 1527.9703  0.10000  0.10000
  15       14 1393.7838 1458.8882  0.10000  0.10000
  15        9  802.1021 1167.6682  0.10000  0.10000
  15       10  671.9453 1060.7620  0.10000  0.10000
  15       18  892.4183 1021.9679  0.10000  0.10000
  15       11  535.3135  945.9106  0.10000  0.10000
  15     1002  770.2798  913.0861  0.10000  0.10000
  15       81 1864.9910  841.2799  0.10000  0.10000
  15       19  639.8099  797.0395  0.10000  0.10000
  15     1003 1808.2480  765.7086  0.10000  0.10000
  15       90 1899.3723  752.5931  0.10000  0.10000
  15       83 1748.4352  685.9060  0.10000  0.10000
  15       92 1844.8638  676.5253  0.10000  0.10000
  15       94 1787.0748  596.7090  0.10000  0.10000
  15       82 1391.1466  221.8110  0.10000  0.10000
  15       91 1444.9973  135.8862  0.10000  0.10000
  15     1004 1307.8754  115.3652  0.10000  0.10000
  15       89 1364.7864   31.4376  0.10000  0.10000
  16        9  647.9286 1545.5334  0.10000  0.10000
  16       10  483.3066 1542.2251  0.10000  0.10000
  16        4 1497.9574 1541.6040  0.10000  0.10000
  16       11  320.7507 1538.9722  0.10000  0.10000
  16        6 1666.4372 1536.6266  0.10000  0.10000
  16        8 1832.6553 1530.8425  0.10000  0.10000
  16       18  647.6158 1376.0772  0.10000  0.10000
  16     1002  483.3810 1373.7282  0.10000  0.10000
  16       14 1495.4770 1371.2216  0.10000  0.10000
  16       19  323.2188 1370.7467  0.10000  0.10000
  16     1001 1663.2392 1366.7108  0.10000  0.10000
  16       17 1828.5611 1361.4294  0.10000  0.10000
  16       80  369.7975  260.3990  0.10000  0.10000
  16     1004  519.4615  253.9365  0.10000  0.10000
  16       82  672.6566  249.1578  0.10000  0.10000
  16       81 1770.1638  237.6038  0.10000  0.10000
  16     1003 1615.8923  236.6600  0.10000  0.10000
  16       83 1459.6294  236.2023  0.10000  0.10000
  16       88  380.0742  118.1983  0.10000  0.10000
  16       89  528.4033  111.8943  0.10000  0.10000
  16       91  679.0041  106.0877  0.10000  0.10000
  16       90 1758.8474   94.4247  0.10000  0.10000
  16       92 1606.6479   92.9990  0.10000  0.10000
  16       94 1452.7223   92.6121  0.10000  0.10000
  17       19 1429.9867 1639.3339  0.10000  0.10000
  17       11 1603.9500 1637.4128  0.10000  0.10000
  17       80  275.9090 1615.6324  0.10000  0.10000
  17       88  125.0250 1610.4814  0.10000  0.10000
  17     1002 1428.8187 1472.1725  0.10000  0.10000
  17       10 1603.7364 1468.5498  0.10000  0.10000
  17     1004  267.7973 1455.9775  0.10000  0.10000
  17       89  118.5871 1451.1963  0.10000  0.10000
  17       18 1427.1889 1300.5546  0.10000  0.10000
  17        9 1603.3144 1297.0749  0.10000  0.10000
  17       82  261.5118 1293.7917  0.10000  0.10000
  17       91  112.1558 1291.0603  0.10000  0.10000
  17       94   96.1590  481.1738  0.10000  0.10000
  17       83  244.8069  472.7170  0.10000  0.10000
  17       14 1408.6430  420.5313  0.10000  0.10000
  17        4 1584.4700  416.3720  0.10000  0.10000
  17       92   95.9703  320.9258  0.10000  0.10000
  17     1003  245.3182  310.7855  0.10000  0.10000
  17     1001 1402.9517  249.0380  0.10000  0.10000
  17        6 1577.6183  244.5702  0.10000  0.10000
  17       90   96.5210  162.0321  0.10000  0.10000
  17       81  246.1624  150.7175  0.10000  0.10000
  17       17 1396.9902   81.0527  0.10000  0.10000
  17        8 1570.2957   76.3178  0.10000  0.10000
  18       80  649.4633 1615.7189  0.10000  0.10000
  18       88  490.0093 1611.6664  0.10000  0.10000
  18       19 1843.6525 1606.8938  0.10000  0.10000
  18       11 2016.8689 1601.6306  0.10000  0.10000
  18     1004  639.5746 1453.9531  0.10000  0.10000
  18       89  479.8268 1450.7517  0.10000  0.10000
  18     1002 1844.0716 1438.7994  0.10000  0.10000
  18       10 2016.4384 1431.7271  0.10000  0.10000
  18       82  631.1279 1287.9438  0.10000  0.10000
  18       91  470.2768 1287.0214  0.10000  0.10000
  18       18 1843.4541 1266.8030  0.10000  0.10000
  18        9 2016.5703 1260.1340  0.10000  0.10000
  18       94  440.9479  444.9276  0.10000  0.10000
  18       83  602.1852  434.7410  0.10000  0.10000
  18       14 1819.5043  384.7539  0.10000  0.10000
  18        4 1993.3616  380.8815  0.10000  0.10000
  18       92  438.7071  278.4369  0.10000  0.10000
  18     1003  599.7651  266.4821  0.10000  0.10000
  18     1001 1810.6897  211.1043  0.10000  0.10000
  18        6 1984.5720  207.1301  0.10000  0.10000
  18       90  437.4670  114.2535  0.10000  0.10000
  18       81  597.8444  100.9697  0.10000  0.10000
  18       17 1801.5318   39.6917  0.10000  0.10000
  18        8 1975.4304   35.2562  0.10000  0.10000
  19        9 1006.1253 1566.3231  0.10000  0.10000
  19       10  833.2859 1562.7604  0.10000  0.10000
  19        4 1873.5081 1560.1146  0.10000  0.10000
  19       11  662.6857 1558.3506  0.10000  0.10000
  19        6 2042.8850 1556.6118  0.10000  0.10000
  19        8 2212.1892 1554.0760  0.10000  0.10000
  19       18 1006.5290 1392.7116  0.10000  0.10000
  19     1002  833.5082 1390.0558  0.10000  0.10000
  19       14 1871.5864 1386.3740  0.10000  0.10000
  19       19  663.8997 1386.0132  0.10000  0.10000
  19     1001 2039.1282 1382.8729  0.10000  0.10000
  19       17 2205.8615 1379.8325  0.10000  0.10000
  19       81 2140.7273  232.3138  0.10000  0.10000
  19       80  697.8265  231.2265  0.10000  0.10000
  19     1003 1984.3382  230.2113  0.10000  0.10000
  19       83 1826.8922  227.5770  0.10000  0.10000
  19     1004  856.6880  226.7214  0.10000  0.10000
  19       82 1018.2856  224.4794  0.10000  0.10000
  19       88  705.5208   84.0406  0.10000  0.10000
  19       90 2128.7269   83.0316  0.10000  0.10000
  19       92 1973.1674   81.0364  0.10000  0.10000
  19       89  862.1098   79.5319  0.10000  0.10000
  19       94 1816.9756   78.8212  0.10000  0.10000
  19       91 1020.7711   76.2882  0.10000  0.10000
  20       11   65.3106 1604.4648  0.10000  0.10000
  20       10  235.6834 1599.0606  0.10000  0.10000
  20        9  405.3020 1595.3794  0.10000  0.10000
  20        4 1281.4510 1563.5147  0.10000  0.10000
  20        6 1457.1982 1552.5935  0.10000  0.10000
  20        8 1630.6392 1540.3174  0.10000  0.10000
  20       19   66.1322 1427.5546  0.10000  0.10000
  20     1002  231.9486 1423.3511  0.10000  0.10000
  20       18  400.1959 1419.4065  0.10000  0.10000
  20       14 1272.6563 1387.2230  0.10000  0.10000
  20     1001 1447.9676 1376.8127  0.10000  0.10000
  20       17 1620.9206 1365.3585  0.10000  0.10000
  20       80   91.1619  279.8828  0.10000  0.10000
  20     1004  244.9042  268.9146  0.10000  0.10000
  20       82  401.1512  258.8363  0.10000  0.10000
  20       83 1207.5884  214.4032  0.10000  0.10000
  20     1003 1370.0125  208.7780  0.10000  0.10000
  20       81 1530.5749  204.0561  0.10000  0.10000
  20       88   98.1883  132.1295  0.10000  0.10000
  20       89  251.4094  121.9013  0.10000  0.10000
  20       91  405.5057  111.3031  0.10000  0.10000
  20       94 1198.6727   67.4347  0.10000  0.10000
  20       92 1358.1962   61.8925  0.10000  0.10000
  20       90 1516.1312   57.9018  0.10000  0.10000

   1    1        4 
   2    1        6 
   3    1        8 
   4    1        9 
   5    1       10 
   6    1       11 
   7    1       14 
   8    1     1001 
   9    1       17 
  10    1       18 
  11    1     1002 
  12    1       19 
  13    1       80 
  14    1     1004 
  15    1       81 
  16    1     1003 
  17    1       82 
  18    1       83 
  19    1       88 
  20    1       89 
  21    1       90 
  22    1       91 
  23    1       92 
  24    1       94 

   0    1
   0    2
   0    3
   0    4
   0    5
   0    6
   0    7
   0    8
   0    9
   0   10
   0   11
   0   12
   0   13
   0   14
   0   15
   0   16
   0   17
   0   18
   0   19
   0   20
   0   21
   0   22
   0   23
   0   24
   1    1
   1    2
   1    3
   1    4
   1    5
   1    6
   1    7
   1    8
   1    9
   1   10
   1   11
   1   12
   1   13
   1   14
   1   15
   1   16
   1   17
   1   18
   1   19
   1   20
   1   21
   1   22
   1   23
   1   24
   2    1
   2    2
   2    3
   2    4
   2    5
   2    6
   2    7
   2    8
   2    9
   2   10
   2   11
   2   12
   2   13
   2   14
   2   15
   2   16
   2   17
   2   18
   2   19
   2   20
   2   21
   2   22
   2   23
   2   24
   3    1
   3    2
   3    3
   3    4
   3    5
   3    7
   3    8
   3    9
   3   10
   3   11
   3   12
   3   13
   3   14
   3   16
   3   17
   3   18
   3   19
   3   20
   3   22
   3   23
   3   24
   4    1
   4    2
   4    3
   4    4
   4    5
   4    6
   4    7
   4    8
   4    9
   4   10
   4   11
   4   12
   4   13
   4   14
   4   15
   4   16
   4   17
   4   18
   4   19
   4   20
   4   21
   4   22
   4   23
   4   24
   5    4
   5    5
   5    6
   5    7
   5    8
   5    9
   5   10
   5   11
   5   12
   5   13
   5   14
   5   15
   5   16
   5   17
   5   18
   5   19
   5   20
   5   22
   6    1
   6    2
   6    3
   6    4
   6    5
   6    6
   6    7
   6    8
   6    9
   6   10
   6   11
   6   12
   6   13
   6   14
   6   15
   6   16
   6   17
   6   18
   6   19
   6   20
   6   22
   6   23
   6   24
   7    1
   7    2
   7    4
   7    5
   7    6
   7    7
   7    8
   7    9
   7   10
   7   11
   7   12
   7   13
   7   14
   7   15
   7   16
   7   17
   7   18
   7   20
   7   21
   7   22
   7   23
   7   24
   8    1
   8    2
   8    3
   8    4
   8    5
   8    6
   8    7
   8    8
   8    9
   8   10
   8   11
   8   12
   8   13
   8   14
   8   15
   8   16
   8   17
   8   18
   8   19
   8   20
   8   21
   8   22
   8   23
   8   24
   9    1
   9    2
   9    3
   9    4
   9    5
   9    6
   9    7
   9    8
   9    9
   9   10
   9   11
   9   12
   9   14
   9   16
   9   17
   9   18
   9   20
   9   22
   9   23
   9   24
  10    1
  10    2
  10    3
  10    4
  10    5
  10    6
  10    7
  10    8
  10    9
  10   10
  10   11
  10   12
  10   13
  10   14
  10   15
  10   16
  10   17
  10   18
  10   19
  10   20
  10   21
  10   22
  10   23
  10   24
  11    1
  11    2
  11    3
  11    4
  11    5
  11    7
  11    8
  11    9
  11   10
  11   11
  11   12
  11   13
  11   14
  11   15
  11   16
  11   17
  11   18
  11   19
  11   20
  11   22
  11   24
  12    1
  12    2
  12    3
  12    4
  12    5
  12    6
  12    7
  12    8
  12    9
  12   10
  12   11
  12   12
  12   13
  12   14
  12   15
  12   16
  12   17
  12   18
  12   19
  12   20
  12   21
  12   22
  12   23
  12   24
  13    1
  13    2
  13    3
  13    4
  13    5
  13    7
  13    8
  13    9
  13   10
  13   11
  13   12
  13   13
  13   14
  13   15
  13   16
  13   17
  13   18
  13   20
  13   21
  13   22
  13   23
  13   24
  14    1
  14    2
  14    3
  14    4
  14    5
  14    6
  14    7
  14    8
  14    9
  14   10
  14   11
  14   12
  14   13
  14   14
  14   15
  14   16
  14   17
  14   18
  14   19
  14   20
  14   21
  14   22
  14   23
  14   24
  15    1
  15    2
  15    4
  15    5
  15    6
  15    7
  15    8
  15    9
  15   10
  15   11
  15   12
  15   14
  15   15
  15   16
  15   17
  15   18
  15   20
  15   21
  15   22
  15   23
  15   24
  16    1
  16    2
  16    3
  16    4
  16    5
  16    6
  16    7
  16    8
  16    9
  16   10
  16   11
  16   12
  16   13
  16   14
  16   15
  16   16
  16   17
  16   18
  16   19
  16   20
  16   21
  16   22
  16   23
  16   24
  17    1
  17    2
  17    3
  17    4
  17    5
  17    6
  17    7
  17    8
  17    9
  17   10
  17   11
  17   12
  17   13
  17   14
  17   15
  17   16
  17   17
  17   18
  17   19
  17   20
  17   21
  17   22
  17   23
  17   24
  18    1
  18    2
  18    3
  18    4
  18    5
  18    6
  18    7
  18    8
  18    9
  18   10
  18   11
  18   12
  18   13
  18   14
  18   15
  18   16
  18   17
  18   18
  18   19
  18   20
  18   21
  18   22
  18   23
  18   24
  19    1
  19    2
  19    3
  19    4
  19    5
  19    6
  19    7
  19    8
  19    9
  19   10
  19   11
  19   12
  19   13
  19   14
  19   15
  19   16
  19   17
  19   18
  19   19
  19   20
  19   21
  19   22
  19   23
  19   24
  20    1
  20    2
  20    3
  20    4
  20    5
  20    6
  20    7
  20    8
  20    9
  20   10
  20   11
  20   12
  20   13
  20   14
  20   15
  20   16
  20   17
  20   18
  20   19
  20   20
  20   21
  20   22
  20   23
  20   24

