Bundle Soln 
 0.000500 20 8858 12996
 1.00000  0.10000 10.00000 100.00000 100.00000 100.00000 20.00000 20.00000 20.00000
123.9392 26.5770 38.8110 53.14800 77.97600 0.00000 0.00000 0.00000 0.00000 0.00000
 0.00000  0.05315  0.07798 0.500000 0.500000 0.001000 0.000100 0.000100 0.001000 0.001000
   0 e:\pm\weighted\sxb\images\8811.jpg
   0 -117.816  108.879 1776.684  -89.911   -0.394    0.799
   0   0.4335   0.6237   0.0796   0.0022   0.0136   0.0199

   0 123.939  26.577  38.811 53.14800 77.97600 0.00000 0.00000 0.00000 0.00000 0.00000
   0  0.00000  0.05315  0.07798 0.500000 0.500000 0.001000 0.000100 0.000100 0.001000 0.001000
   1 e:\pm\weighted\sxb\images\8936.jpg
   1  281.414  364.963 1776.576   92.626   -0.032   -0.127
   1   0.3622   0.6884   0.0964   0.0021   0.0112   0.0220

   1 123.939  26.577  38.811 53.14800 77.97600 0.00000 0.00000 0.00000 0.00000 0.00000
   1  0.00000  0.05315  0.07798 0.500000 0.500000 0.001000 0.000100 0.000100 0.001000 0.001000
   2 e:\pm\weighted\sxb\images\8937.jpg
   2  296.182  157.376 1770.592   94.401   -0.046   -0.176
   2   0.3376   0.5379   0.0508   0.0016   0.0105   0.0172

   2 123.939  26.577  38.811 53.14800 77.97600 0.00000 0.00000 0.00000 0.00000 0.00000
   2  0.00000  0.05315  0.07798 0.500000 0.500000 0.001000 0.000100 0.000100 0.001000 0.001000
   3 e:\pm\weighted\sxb\images\8938.jpg
   3  314.106  -58.443 1767.159   96.142    0.120   -0.180
   3   0.4168   1.5104   0.1095   0.0020   0.0130   0.0487

   3 123.939  26.577  38.811 53.14800 77.97600 0.00000 0.00000 0.00000 0.00000 0.00000
   3  0.00000  0.05315  0.07798 0.500000 0.500000 0.001000 0.000100 0.000100 0.001000 0.001000
   4 e:\pm\weighted\sxb\images\9111.jpg
   4  701.728  111.501 1797.554  -92.546   -0.264    0.476
   4   0.8657   0.5908   0.1905   0.0025   0.0274   0.0185

   4 123.939  26.577  38.811 53.14800 77.97600 0.00000 0.00000 0.00000 0.00000 0.00000
   4  0.00000  0.05315  0.07798 0.500000 0.500000 0.001000 0.000100 0.000100 0.001000 0.001000

     317 -174.89714   83.77128   -0.45615   0.008543   0.008484   0.017907
     333  354.90671  330.66803   -1.87386   0.008689   0.008554   0.018105
     347  680.81246  505.25905   -0.34065   0.008807   0.008769   0.018031
     351  771.88879   14.68443   -0.07801   0.008590   0.008533   0.017979
     375 -160.38517  110.29872   -0.88420   0.008624   0.008583   0.017980
     403 -608.87399  431.91718   -0.17502   0.009052   0.009023   0.018157
     410  195.00946  216.12725   -0.22452   0.008631   0.008559   0.018002
     422  347.25887  -81.46193   -1.18409   0.008472   0.008391   0.017975
     428  192.46474 -215.94295   -0.31598   0.008687   0.008657   0.017993
     492 -172.67762   81.80111   -0.67463   0.008678   0.008635   0.017908
     552  795.52953   -2.45514   -0.17406   0.008691   0.008657   0.018006
     563  387.28305  413.61556   -0.98443   0.008627   0.008549   0.018056
     590  201.38613 -209.46308   -0.40007   0.008785   0.008754   0.018035
     607  723.02549  365.34466   -0.24429   0.008597   0.008626   0.017969
     634  662.40224  416.44814   -0.09291   0.008737   0.008707   0.018011
     651  579.91242  169.15468   -0.56182   0.008422   0.008384   0.018005

     317 -174.89714   83.77128   -0.45615   0.008543   0.008484   0.017907
     333  354.90671  330.66803   -1.87386   0.008689   0.008554   0.018105
     347  680.81246  505.25905   -0.34065   0.008807   0.008769   0.018031
     351  771.88879   14.68443   -0.07801   0.008590   0.008533   0.017979
     375 -160.38517  110.29872   -0.88420   0.008624   0.008583   0.017980
     403 -608.87399  431.91718   -0.17502   0.009052   0.009023   0.018157
     410  195.00946  216.12725   -0.22452   0.008631   0.008559   0.018002
     422  347.25887  -81.46193   -1.18409   0.008472   0.008391   0.017975
     428  192.46474 -215.94295   -0.31598   0.008687   0.008657   0.017993
     492 -172.67762   81.80111   -0.67463   0.008678   0.008635   0.017908
     552  795.52953   -2.45514   -0.17406   0.008691   0.008657   0.018006
     563  387.28305  413.61556   -0.98443   0.008627   0.008549   0.018056
     590  201.38613 -209.46308   -0.40007   0.008785   0.008754   0.018035
     607  723.02549  365.34466   -0.24429   0.008597   0.008626   0.017969
     634  662.40224  416.44814   -0.09291   0.008737   0.008707   0.018011
     651  579.91242  169.15468   -0.56182   0.008422   0.008384   0.018005
     745  227.85034  384.04498   20.19337   0.024405   0.026711   0.140711

   0      333 2158.2500 1135.5000  1.00000  1.00000
   0      410 3478.1358 2979.2802  1.00000  1.00000
   0      422 6936.8000 1211.3865  1.00000  1.00000
   0      428 8503.6000 3004.5772  1.00000  1.00000
   0      375 4700.3506 7105.9468  1.00000  1.00000
   0      317 5007.6667 7275.6667  1.00000  1.00000
   0      403  955.1383 12311.1660  1.00000  1.00000
   0      745 1498.0000 2554.5993  1.00000  1.00000
   1      492 1431.0000 1037.0000  1.00000  1.00000
   1      317 1453.6667 1012.3333  1.00000  1.00000
   1      333 4039.0000 7293.3333  1.00000  1.00000
   1      563 4984.0000 7714.3333  1.00000  1.00000
   1      651 2043.7778 9819.7069  1.00000  1.00000
   1      351  148.6667 11965.6667  1.00000  1.00000
   1      607 4245.3951 11587.6550  1.00000  1.00000
   1      634 4870.8049 10911.3411  1.00000  1.00000
   1      347 5892.0519 11172.1777  1.00000  1.00000
   1      745 4729.3989 5840.1319  1.00000  1.00000
   2      317 4060.0000  912.3333  1.00000  1.00000
   2      492 4034.3333  937.3333  1.00000  1.00000
   2      375 4354.7975 1106.0428  1.00000  1.00000
   2      422 1672.0000 6836.0000  1.00000  1.00000
   2      333 6455.6593 7294.8080  1.00000  1.00000
   2      563 7392.6000 7745.8755  1.00000  1.00000
   2      651 4377.0395 9766.5071  1.00000  1.00000
   2      351 2409.1556 11859.1323  1.00000  1.00000
   2      552 2189.3802 12119.3787  1.00000  1.00000
   2      607 6530.8988 11607.8742  1.00000  1.00000
   2      634 7180.1704 10949.7925  1.00000  1.00000
   2      347 8197.3333 11243.6667  1.00000  1.00000
   2      745 7224.4840 5858.2750  1.00000  1.00000
   3      317 6751.9119 1015.9611  1.00000  1.00000
   3      492 6726.4347 1040.1297  1.00000  1.00000
   3      375 7042.5000 1218.8872  1.00000  1.00000
   3      428 2811.5000 4908.7134  1.00000  1.00000
   3      590 2876.5000 5020.1089  1.00000  1.00000
   3      410 7829.6064 5477.0000  1.00000  1.00000
   3      422 4180.5122 6874.6667  1.00000  1.00000
   3      651 6803.0851 9893.6667  1.00000  1.00000
   3      351 4767.0000 11933.7743  1.00000  1.00000
   3      552 4537.7295 12186.4202  1.00000  1.00000
   4      607 1684.0000 6440.8132  1.00000  1.00000
   4      563 1300.7447 10316.1064  1.00000  1.00000
   4      410 3661.4468 12430.6667  1.00000  1.00000
   4      651 4005.5167 7983.6667  1.00000  1.00000
   4      422 7002.7356 10531.3333  1.00000  1.00000
   4      428 8635.4377 12250.7393  1.00000  1.00000
   4      590 8556.0000 12150.2853  1.00000  1.00000
   4      351 5681.0000 5699.7756  1.00000  1.00000
   4      552 5865.9301 5420.7601  1.00000  1.00000
   4      745 1686.2747 12198.8175  1.00000  1.00000

   1    1      317 
   2    1      333 
   3    1      347 
   4    1      351 
   5    1      375 
   6    1      403 
   7    1      410 
   8    1      422 
   9    1      428 
  10    1      492 
  11    1      552 
  12    1      563 
  13    1      590 
  14    1      607 
  15    1      634 
  16    1      651 
  17    1      745 

   0    1
   0    2
   0    5
   0    6
   0    7
   0    8
   0    9
   0   17
   1    1
   1    2
   1    3
   1    4
   1   10
   1   12
   1   14
   1   15
   1   16
   1   17
   2    1
   2    2
   2    3
   2    4
   2    5
   2    8
   2   10
   2   11
   2   12
   2   14
   2   15
   2   16
   2   17
   3    1
   3    4
   3    5
   3    7
   3    8
   3    9
   3   10
   3   11
   3   13
   3   16
   4    4
   4    7
   4    8
   4    9
   4   11
   4   12
   4   13
   4   14
   4   16
   4   17

