B1.1  999143.588  111399.267  140.611
B1.2  999205.354  111153.687  141.247
B1.4  998430.583  111197.105  139.186
B1.5  998596.556  111367.618  140.054
B1.6  998357.394  111848.713  140.231
B1.7  998582.172  111662.361  140.544
B1.8  998734.857  111884.117  140.438
B1.9  999085.938  111744.552  139.743
B1.10  999150.471  112012.192  139.785
B1.11  998978.080  112198.001  142.817
B1.12  998809.666  112391.595  141.712
B1.13  998579.825  112007.429  141.209
B1.14  998279.982  112338.360  140.991
B1.15  998583.805  112603.942  140.430
B1.16  998407.570  112851.082  139.328
B1.18  998442.370  113251.733  138.751
B1.19  998729.588  113237.908  138.863
B1.20  998725.651  113236.679  138.852
B1.22  999121.872  113096.753  139.589
B1.23  998938.175  112873.576  140.023
B1.24  999120.696  112616.882  140.079
B1.25  999263.224  112783.508  140.783
B2.1	999675.422	112936.039	140.487
B2.2	999467.142	113193.474	139.506
B2.4	998922.250	113190.169	139.133
B2.5	998922.134	112855.163	139.933
B2.6	999263.492	112784.115	140.749
B2.8	998785.409	112427.626	142.012
B2.9	999007.644	112164.262	142.753
B2.10	999104.967	112014.585	139.356
B2.11	999019.042	111871.129	139.457
B2.12	999355.307	111786.357	140.650
B2.13	999143.424	111400.015	140.626
B2.14	999518.416	111402.094	140.261
B2.16	999604.580	112344.443	139.453
B3.00 999130.319 111459.799 140.17
B3.01 999980.812 111385.901 139.18
B3.02 1000067.136 113134.380 140.31
B3.03 999555.399 112979.280 139.93
B3.04 999696.177 112564.974 140.92
B3.05 999619.041 112370.818 138.97
B3.06 999641.929 112139.195 139.06
B3.07 999660.187 111910.238 139.17
B3.08 999641.680 111665.181 139.66
B3.09 999170.674 112692.548 139.64
B3.11 999974.432 112476.893 139.72
B3.12 999188.622 112215.494 142.33
B3.13 1000126.748 112179.093 138.54
B3.14 999971.948 112044.540 139.55
B3.15 1000136.137 111644.248 139.63
B3.16 999109.787 111683.415 139.93
B3.17 999180.808 111979.631 139.74
B3.18 999128.294 113128.259 139.65
B4.1 1000134.50 112591.16 138.01
B4.2 999571.54 113015.85 139.16
B4.4 1000464.06 113081.95 139.15
B4.5 1000460.33 112765.82 139.45
B4.6 1000551.27 112275.28 139.86
B4.7 1000424.47 111966.98 138.98
B4.8 1000508.09 111786.43 139.79
B4.9 1000201.38 111832.46 139.01
B4.10 1000361.99 111405.92 139.24
B4.11 999560.60 111388.68 139.89
B4.12 999633.48 112049.36 138.75
B4.13 999606.93 112342.35 139.10
B4.14 999782.82 111618.85 139.53
B4.15 1000132.68 112336.40 161.90
B5.1 1000960.823 111516.711 139.690
B5.2 1000378.115 111518.537 140.132
B5.3 1000096.603 111554.494 139.665
B5.5 1000596.389 113103.691 139.356
B5.7 1000830.285 112238.645 138.867
B5.8 1000575.072 112258.195 139.643
B5.10 1000886.169 112631.628 138.618
B5.11 1000166.790 112674.298 138.761
B5.12 1000491.596 112672.951 139.743
B5.13 1000520.023 112008.018 138.774
B5.14 1001011.054 111925.880 139.028
B5.15 999980.997 112051.062 139.395
B5.101 1000692.650 111502.690 139.949
B5.205 1000551.661 113121.504 139.148
B5.212 1000502.467 112625.887 139.644
B5.213 1000538.211 111992.084 139.003
B6.1 1001324.682 113311.241 137.949
B6.2 1001118.840 113158.304 137.356
B6.3 1000406.592 113366.131 138.758
B6.4 1000552.190 113118.552 139.237
B6.5 1000810.488 112684.926 138.894
B6.6 1001261.921 112361.038 139.487
B6.7 1001190.647 112642.093 138.385
B6.8 1000644.592 112429.839 139.254
B6.9 1000441.906 112677.087 139.757
B6.10 1000359.462 112429.749 139.156
B6.11 1001130.515 112200.237 138.571
B6.12 1000824.363 112128.521 138.994
B6.14 1001112.177 111730.956 138.557
B6.15 1000720.788 111777.152 138.960
B6.16 1000525.449 112012.760 138.949
B6.17 1000362.585 111407.827 139.280
B6.18 1001137.428 111279.629 137.763
B6.19 1000411.637 111623.509 139.225
B6.20 1000335.709 111847.723 139.355
