-39.437119 
-1.170945 
-179.836846 
-0.044865 
1.294256 
1.469616 
-39.772879 
-1.847356 
-90.119464 
-0.029361 
1.527877 
1.639060 
-27.244238 
-28.560286 
-141.846994 
-1.144613 
0.966710 
1.582294 
-28.558208 
-30.334047 
-49.782075 
-1.143880 
0.991451 
1.637735 
4.386640 
-34.669611 
-87.134877 
-1.170946 
-0.082914 
1.411025 
2.111128 
-34.015975 
1.517474 
-1.213798 
-0.023831 
1.465447 
27.357743 
-28.305856 
-44.204355 
-1.034842 
-0.849964 
1.404083 
26.942158 
-28.124379 
44.874254 
-1.219164 
-0.967112 
1.715439 
30.400320 
0.182845 
0.085992 
0.024763 
-1.043690 
1.534599 
31.020069 
1.728357 
89.541907 
0.053877 
-1.093805 
1.617379 
27.640023 
30.749050 
42.334222 
1.270398 
-0.925481 
1.553302 
24.645572 
30.239637 
133.208663 
1.365155 
-0.981278 
1.614922 
0.519378 
33.151849 
88.708134 
1.130869 
-0.002119 
1.472196 
-1.753838 
33.636870 
-179.789458 
1.297144 
0.025582 
1.598902 
-30.775780 
28.179075 
138.435014 
1.171911 
1.054995 
1.501686 
-29.900718 
26.972833 
-134.625055 
1.194308 
1.119906 
1.590373 
-8.528682 
-0.505826 
179.397812 
-0.075204 
0.323044 
1.972824 
-4.788646 
0.685103 
88.787036 
-0.017565 
0.427209 
1.885882 
-4.406389 
-0.405824 
88.245673 
-0.038113 
0.078771 
1.876016 
-7.624495 
-1.547937 
179.951105 
0.201952 
0.282885 
1.926662 
-8.709645 
1.065924 
177.387322 
-0.230802 
0.321513 
1.906330 
