0.092 
0.083 
0.077 
0.003 
0.003 
0.003 
0.092 
0.082 
0.078 
0.003 
0.003 
0.003 
0.100 
0.087 
0.082 
0.003 
0.003 
0.003 
0.102 
0.087 
0.084 
0.003 
0.003 
0.003 
0.103 
0.092 
0.080 
0.003 
0.003 
0.003 
0.102 
0.092 
0.079 
0.003 
0.003 
0.003 
0.100 
0.087 
0.082 
0.003 
0.003 
0.003 
0.100 
0.088 
0.081 
0.003 
0.003 
0.003 
0.092 
0.086 
0.073 
0.003 
0.003 
0.003 
0.092 
0.086 
0.073 
0.003 
0.003 
0.003 
0.102 
0.087 
0.084 
0.003 
0.003 
0.003 
0.101 
0.088 
0.082 
0.003 
0.003 
0.003 
0.102 
0.092 
0.078 
0.003 
0.003 
0.003 
0.102 
0.092 
0.078 
0.003 
0.003 
0.003 
0.100 
0.086 
0.083 
0.003 
0.003 
0.003 
0.100 
0.086 
0.082 
0.003 
0.003 
0.003 
0.092 
0.092 
0.066 
0.003 
0.003 
0.002 
0.092 
0.092 
0.065 
0.003 
0.003 
0.002 
0.092 
0.092 
0.065 
0.003 
0.003 
0.002 
0.092 
0.092 
0.066 
0.003 
0.003 
0.002 
0.092 
0.092 
0.066 
0.003 
0.003 
0.002 
