# id, image, x, y
65257, 1, 3025.6572,   749.5280
65289, 1, 6907.7003,   496.3876
65323, 1, 6133.7043,  2001.0596
65341, 1, 7051.7504,  4540.0555
65343, 1, 3233.7433,   953.8345
65353, 1, 5734.4966,   721.4309
65369, 1, 7026.8763,  1497.7064
65374, 1, 6707.1565,  1775.6569
65386, 1, 5964.5442,   830.5150
65390, 1, 7569.6777,  5024.0798
65394, 1, 4248.4128,  7060.4207
65416, 1, 6344.4520,   486.3168
65419, 1, 7962.7998,  5051.6011
65445, 1, 4376.3538,  7147.3526
65451, 1, 7236.8995,  2621.3515
65458, 1, 3067.8476,  1215.1130
65516, 1, 6443.4322,  5109.8415
65520, 1, 5263.7026,  4262.5822
65523, 1, 5769.5323,  3994.8983
65533, 1, 3285.7884,   972.9802
65555, 1, 6734.7328,  3110.7261
65588, 1, 6679.6399,  6217.2783
65593, 1, 7367.3063,  4085.7666
65598, 1, 7137.4671,  3691.1406
65604, 1, 7142.3295,  4829.5883
65608, 1, 7835.8508,  1293.5284
65614, 1, 7246.7353,  3855.2383
65622, 1, 5747.3218,  3885.7781
65664, 1, 7198.4133,  3613.4406
65674, 1, 6286.9657,  2254.7309
65697, 1, 6848.4066,  2981.6685
65731, 1, 2147.2549,   853.2044
65732, 1,  975.5155,  3595.8910
65733, 1, 1941.2808,  1482.9003
65734, 1, 1915.4247,  1564.0249
65737, 1, 5407.3233,  3226.7060
65739, 1, 5439.6705,  3277.4549
65740, 1, 1823.0766,  1833.5449
65742, 1, 2826.0507,  6331.6083
65743, 1, 5355.1806,  3266.9478
65746, 1, 1861.3507,  1516.0377
65747, 1, 1417.9413,  3605.6198
65751, 1, 5485.0090,  3178.9450
65752, 1, 3080.2463,  6479.5626
65754, 1,  810.2114,  3629.1111
65757, 1,  946.9120,  4666.4112
65759, 1, 5070.0259,  4189.7119
65762, 1,  970.2543,  3442.5498
65769, 1,  905.4864,  4911.0306
65772, 1, 2187.1083,  1158.2968
65774, 1, 1765.8441,  2003.4183
65775, 1, 1836.2908,  1590.8108
65779, 1, 1009.2931,  3517.9349
65781, 1, 1705.9257,  3823.9278
65783, 1, 1664.2155,  1867.1215
65790, 1,  729.6442,  3322.4848
65791, 1, 2306.3915,   963.0275
65792, 1, 5136.0212,  4256.6078
65794, 1, 3261.1914,  6582.7596
65796, 1, 5585.6275,  1346.7081
65801, 1,  855.5496,  3470.7667
65802, 1, 2133.0283,   708.5894
65809, 1, 1322.8918,  2794.0871
65810, 1, 5176.6104,  3817.4441
65819, 1, 1163.8743,  4598.2192
65825, 1, 5553.9836,  1415.2019
65828, 1, 5449.5793,  1381.5450
65832, 1,  982.1776,  4487.5776
65834, 1, 1591.2747,  5651.3436
65835, 1, 2128.0060,  1502.3434
65844, 1, 2504.3159,  3075.7988
65848, 1, 1816.4699,  2950.8572
65851, 1, 4066.3017,  5426.1526
65855, 1, 2186.4864,  1324.2427
65857, 1, 1037.8756,  6417.8115
65859, 1, 2188.6164,  2778.0386
65860, 1,  820.2259,  4353.1851
65864, 1,  655.0158,  3415.0496
65865, 1, 1128.6698,  4666.6523
65867, 1, 4475.5594,  5477.5052
65874, 1, 4106.6649,  7094.2846
65882, 1, 1547.0402,  1774.8376
65884, 1, 1565.7219,  5566.4175
65900, 1, 2300.8496,  3879.3142
65902, 1, 2639.7919,  4965.7311
65903, 1, 3519.6635,  1147.8741
65904, 1, 4662.4863,  4208.8119
65905, 1, 2382.6822,   635.4501
65909, 1, 2552.5593,  3031.1028
65910, 1, 3244.6172,  3927.5360
65913, 1, 3104.0218,  4592.8105
65919, 1, 5268.0473,  4772.6276
65925, 1, 5350.7614,  7472.5091
65927, 1, 3625.7724,   488.6848
65930, 1, 2327.8903,  1113.0634
65932, 1, 4443.2058,  6082.5585
65937, 1, 2717.0072,  6855.2017
65944, 1, 5139.0983,  3191.9683
65945, 1, 5559.8211,  5488.8111
65946, 1, 1099.1626,  5201.9076
65953, 1, 4418.3365,  5490.1067
65959, 1, 5284.5509,  3765.3242
65962, 1, 3558.7126,  3222.4438
65972, 1, 5053.4128,  3177.1698
65977, 1, 2355.1014,  3235.6954
65980, 1, 5440.1443,  2294.5930
65985, 1, 2546.8821,  3130.3914
65989, 1, 1517.4171,  6218.4332
65991, 1, 5122.7217,  7504.7754
65993, 1,  865.1625,  2177.6991
66000, 1, 3961.8752,  2003.3668
66007, 1, 3222.6767,  4253.2810
66017, 1, 3510.0530,  6594.4298
66020, 1, 2892.6441,  6960.8789
66023, 1, 1492.6797,  6589.6579
66026, 1, 2181.0287,  3749.2540
66033, 1, 5637.2477,  5169.0950
66039, 1, 5173.2287,  4755.1273
66044, 1, 1306.9967,   845.8578
66047, 1, 3171.3685,  4401.1608
66055, 1,  505.1471,  3385.0154
66060, 1, 4138.6131,  4524.7803
66065, 1, 2617.9550,   658.9281
66071, 1, 3330.6703,  3913.7246
66080, 1, 3576.5245,  4516.2866
66084, 1, 3724.4285,  4244.2508
66090, 1, 1023.2801,  6116.3604
66095, 1, 4419.0623,  2626.0894
66113, 1, 1919.8604,  4952.8430
66115, 1,  719.8658,  3189.9466
66139, 1, 4569.6921,  2198.5310
66168, 1, 3285.1869,  5550.0128
66290, 1, 3643.9232,  4595.0030
66302, 1, 4553.3508,  1446.1822
66354, 1, 3674.2343,  1909.7908
66441, 1, 3741.8882,  6732.9967
66478, 1, 7169.3066,  1434.0077
66484, 1, 6322.1056,  6510.4677
66503, 1, 5939.3095,  2377.3127
66510, 1, 5548.0303,  3173.1601
66515, 1, 6134.6694,  4114.9621
66520, 1, 8012.2191,   479.0662
66544, 1, 4994.4354,   992.6969
66548, 1, 6719.9325,  4642.0140
66556, 1, 5964.9403,  2009.2922
66562, 1, 6108.2829,  5376.9665
66582, 1, 5966.7150,  7006.0904
66585, 1, 5239.7497,  6822.4283
66619, 1, 6940.5710,  3970.1373
66624, 1, 4317.6132,  1269.8602
66625, 1, 6310.4189,  2412.9631
66626, 1, 2357.4853,  1019.2644
66627, 1, 7416.8832,  1272.7133
66632, 1, 7968.5374,  7026.3618
66872, 1, 7340.8389,  1841.9067
67021, 1, 3906.0735,   839.8908
65234, 2, 1548.1424, 10937.6908
65242, 2, 3267.4163,  9185.1599
65246, 2, 2054.5593,  9771.3220
65265, 2, 1481.3556,   847.8843
65288, 2, 2980.3436,  9332.5463
65291, 2, 2857.9344,  8099.8300
65298, 2, 1886.1333, 11135.9940
65304, 2, 3051.1566,  4158.2187
65312, 2, 2638.0259, 10383.4761
65322, 2, 1672.5645, 11183.3806
65354, 2, 3379.0473,  9335.1596
65360, 2,  505.3084, 10239.6106
65367, 2, 1015.6065,  5017.7093
65377, 2, 3043.6737,  8611.1985
65378, 2, 1230.0342, 10538.7407
65380, 2, 2377.5205,  4917.6137
65382, 2, 2450.0715,  6472.1698
65395, 2, 2478.6052,  2166.0771
65401, 2, 2481.5858, 10381.1293
65406, 2,  964.4762,  3376.5439
65436, 2, 1948.8619, 11163.1135
65449, 2, 1088.1474,  8098.2716
65478, 2, 3342.9582,  8318.2671
65489, 2, 2685.4045,  8071.1971
65490, 2, 1178.9230, 11215.2836
65499, 2,  474.3145,  4276.8566
65508, 2, 1306.1804, 11085.5119
65509, 2, 1807.0093, 11183.4853
65520, 2, 1063.1179,  4010.9563
65521, 2, 1801.4867,  3210.9440
65539, 2, 2879.0693,  3736.8058
65541, 2, 1125.0554,  3610.6897
65546, 2, 2313.5122,  9079.3019
65550, 2, 2659.8504,  9116.0975
65558, 2,  968.0105,  7373.0746
65561, 2, 1850.6114, 11604.8495
65573, 2, 1137.3960,  3139.3148
65580, 2, 2960.4122, 10047.9545
65582, 2, 2954.2913, 11697.0716
65602, 2,  636.7973, 11807.7861
65609, 2, 1192.7990,  3119.2748
65610, 2, 1206.8310,  9323.2625
65619, 2, 1023.3820,  9138.2715
65639, 2, 1633.7300,  7236.8582
65665, 2, 1193.5515,  3794.9277
65666, 2, 2344.0618,  7394.0006
65683, 2, 2774.3885, 11653.4755
65688, 2, 1218.2526,  4706.2585
65699, 2, 2382.1175, 11416.0098
65700, 2, 1048.5924,  8602.2706
65716, 2, 1455.8315,  5094.9333
65731, 2, 4033.7424,  7579.2909
65732, 2, 5330.5223,  4872.8882
65733, 2, 4268.9234,  6954.5257
65734, 2, 4300.2117,  6873.8766
65737, 2,  872.3510,  5037.9854
65739, 2,  841.9515,  4983.4330
65740, 2, 4403.1805,  6609.0678
65742, 2, 3587.1895,  2045.2723
65743, 2,  923.1959,  4998.6225
65744, 2,  981.3597,  4949.4216
65746, 2, 4351.8536,  6925.9690
65747, 2, 4881.6183,  4840.3241
65748, 2, 1252.5383,  4169.2610
65751, 2,  794.1197,  5082.6258
65752, 2, 3344.0367,  1888.9006
65754, 2, 5495.9955,  4849.3419
65757, 2, 5401.3768,  3800.6907
65759, 2, 1252.4472,  4092.2419
65762, 2, 5324.0513,  5024.0248
65769, 2, 5454.2746,  3555.9316
65772, 2, 4009.3662,  7269.2018
65774, 2, 4466.9953,  6440.6036
65775, 2, 4381.3204,  6853.2399
65779, 2, 5292.5470,  4948.7273
65781, 2, 4601.7474,  4604.2439
65783, 2, 4563.2882,  6577.2467
65790, 2, 5563.3890,  5160.7118
65791, 2, 3881.3623,  7461.3724
65792, 2, 1192.7415,  4024.3833
65794, 2, 3159.7765,  1773.0735
65796, 2,  610.5499,  6914.2496
65801, 2, 5444.4192,  5006.7793
65802, 2, 4044.6565,  7723.3357
65810, 2, 1129.7558,  4458.7226
65819, 2, 5183.5283,  3857.3522
65825, 2,  648.2504,  6846.3373
65828, 2,  751.4032,  6885.9773
65832, 2, 5357.6914,  3973.5259
65834, 2, 4805.0003,  2792.1929
65835, 2, 4082.8558,  6928.8108
65844, 2, 3772.3542,  5323.0809
65848, 2, 4427.9883,  5430.0721
65851, 2, 2310.5226,  2904.6821
65855, 2, 4018.0442,  7102.9671
65857, 2, 5383.7395,  2036.9834
65859, 2, 4071.3220,  5628.3679
65860, 2, 5515.0696,  4119.7415
65864, 2, 5643.8451,  5073.3791
65865, 2, 5220.2229,  3795.1535
65867, 2, 1898.7761,  2822.8374
65873, 2, 3127.5385,  6954.2672
65874, 2, 2343.3627,  1234.1938
65875, 2, 1530.0978,  7189.2068
65882, 2, 4677.5182,  6679.4549
65884, 2, 4813.6447,  2863.1025
65900, 2, 4005.4004,  4524.9829
65902, 2, 3684.0662,  3362.5661
65903, 2, 2669.2296,  7207.6178
65904, 2, 1661.2603,  4093.5042
65905, 2, 3788.3689,  7785.1651
65909, 2, 3720.9458,  5370.8799
65910, 2, 3068.0626,  4435.0526
65913, 2, 3236.7084,  3777.7901
65919, 2, 1080.9160,  3497.4813
65925, 2, 1103.1381,   772.5262
65927, 2, 2503.5745,  7810.8112
65930, 2, 3865.5781,  7307.2892
65932, 2, 1961.0454,  2225.6287
65936, 2,  805.6870,  6934.0746
65937, 2, 3729.3621,  1540.2821
65944, 2, 1135.8560,  5081.4318
65945, 2,  821.1768,  2768.7871
65946, 2, 5272.5337,  3258.1069
65953, 2, 1956.6479,  2808.3718
65959, 2, 1019.6934,  4504.4535
65962, 2, 2722.2696,  5129.6083
65972, 2, 1222.4905,  5102.2393
65977, 2, 3931.9500,  5171.4054
65980, 2,  793.5627,  5961.5565
65985, 2, 3733.9635,  5272.4639
65989, 2, 4899.2413,  2221.4651
65991, 2, 1349.6242,   785.9960
65993, 2, 5381.1139,  6306.9044
65999, 2, 1490.7216,  5268.3117
66000, 2, 2265.0763,  6329.9616
66007, 2, 3101.3439,  4111.7919
66017, 2, 2917.5211,  1754.6044
66020, 2, 3555.3272,  1425.1745
66023, 2, 4931.0539,  1835.3692
66026, 2, 4121.6003,  4664.4297
66033, 2,  731.6076,  3092.7995
66039, 2, 1172.7856,  3519.2323
66044, 2, 4878.4528,  7622.2481
66047, 2, 3157.1803,  3961.6325
66055, 2, 5792.6561,  5109.0329
66060, 2, 2200.8090,  3801.4130
66065, 2, 3554.2283,  7747.9221
66071, 2, 2978.2008,  4448.6171
66080, 2, 2760.7640,  3834.5297
66084, 2, 2589.2838,  4082.7492
66090, 2, 5392.3279,  2348.2140
66095, 2, 1806.1339,  5640.3206
66113, 2, 4434.7359,  3465.6915
66115, 2, 5567.7728,  5293.2434
66139, 2, 1635.7836,  6051.9780
66168, 2, 3093.1006,  2797.9940
66182, 2, 1974.0324, 11086.1485
66183, 2, 2780.6966,  9471.0973
66186, 2, 1058.7298,  6111.8317
66188, 2, 2945.2391,  7287.8655
66189, 2, 2413.1329, 10151.2245
66202, 2, 2911.3398,  9325.9330
66207, 2, 2147.5232,  9912.2485
66213, 2, 1322.7724,  3988.6842
66229, 2, 1749.6061,  6266.5997
66230, 2, 2406.5294, 10308.3642
66240, 2, 1152.0260,  9241.0042
66244, 2, 3391.6451,  8097.1024
66249, 2,  850.2101,  3742.1312
66254, 2,  546.2301, 11459.3055
66260, 2,  878.5145, 11373.6660
66262, 2, 2604.2377,  9907.9016
66274, 2, 1237.5179,  9426.0407
66288, 2, 2514.1406,  5664.9128
66290, 2, 2694.3649,  3744.8829
66300, 2, 3278.6403,  8964.9672
66302, 2, 1648.5566,  6865.5775
66307, 2, 3204.6993, 11751.3707
66321, 2, 3239.1874,  9011.6853
66328, 2, 1867.9829, 12225.8696
66330, 2,  538.2716, 10394.4077
66333, 2, 2650.1042, 10100.0950
66334, 2, 1518.6291,  9678.3099
66337, 2, 3129.1741,  8249.2485
66350, 2, 2607.1009,  7540.0618
66354, 2, 2543.5767,  6432.9164
66360, 2, 2322.2804, 10879.5896
66378, 2, 1974.3376,  9368.1837
66410, 2, 2925.1534,  7992.9757
66429, 2, 1228.0481,  9053.1851
66434, 2, 1366.6003, 11134.7513
66435, 2,  621.6316,  3052.6433
66436, 2,  773.1295,  7447.3516
66441, 2, 2697.0338,  1614.0280
66451, 2, 3392.2479,  9952.0339
66626, 2, 3831.4716,  7402.1183
66661, 2, 3938.1912,  7281.8371
66666, 2, 3468.1684,  8362.1518
66669, 2, 3966.7490,  7743.9053
66675, 2, 3961.7319,  9899.9145
66676, 2, 4419.7854, 10945.9339
66677, 2, 3861.4904,  9829.5851
66689, 2, 4643.8834, 11408.0248
66701, 2, 4618.9469, 11478.0803
66703, 2, 4007.0101,  9944.9944
66712, 2, 4873.8971, 11367.4789
66718, 2, 3785.3716,  9914.2622
66719, 2, 4637.7275,  5894.0609
66723, 2, 4609.6473,  8351.2034
66730, 2, 3886.2212,  8153.4602
66734, 2, 3910.4745,  8063.0894
66737, 2, 4586.9492, 10912.6189
66739, 2, 3802.5590,  7484.2804
66751, 2, 3975.1674,  7035.7788
66753, 2, 2515.6356, 11322.3472
66758, 2, 2056.3166, 10175.4650
66759, 2, 2878.8398,  7147.2136
66762, 2, 3671.4959,  5469.1299
66764, 2, 3866.8097,  8248.7388
66765, 2, 3687.6071,  9864.8164
66770, 2, 4575.3625,  8446.6290
66781, 2, 4286.2435, 11432.4653
66783, 2, 3884.3498, 10610.3794
66785, 2, 4945.5137, 11493.6368
66788, 2, 1226.6585, 10609.3705
66796, 2, 4362.9837, 11655.2439
66798, 2,  779.3758, 11356.6373
66808, 2, 3746.7755,  8508.8037
66815, 2, 1660.1775,  7638.8881
66828, 2, 4134.6785,  6606.3973
66833, 2, 2349.4307,  5492.0141
66857, 2, 4275.6158, 10253.7361
67078, 2, 4991.5523, 11724.7558
67081, 2, 5615.1303,  5676.2367
67087, 2, 3570.7774,  8427.9102
67090, 2, 4782.0753,  7884.8756
67091, 2, 4184.8550,  9447.5293
67109, 2, 5167.4240, 12284.2427
67112, 2, 1984.9370,  9692.4862
67114, 2, 4369.7252,  9417.0594
67116, 2, 4527.8522, 11210.1076
67131, 2, 3412.3336,  8752.0963
67132, 2, 4063.9104,  9416.2038
67134, 2, 4775.0528,  8181.5182
67149, 2, 4431.7804,  7963.0536
67150, 2, 4687.7280,  8150.4475
67158, 2, 3622.4367,  9755.1891
67186, 2, 4807.8341,  8265.9933
67195, 2, 4280.6974,  9190.0038
67224, 2, 3777.7139, 10151.6866
67238, 2, 4942.4244, 11906.6733
67302, 2, 1669.5021,  8581.2526
65231, 3, 4520.7566, 11094.8971
65234, 3, 3838.2898, 10874.7340
65235, 3, 5435.0926,  8870.2697
65239, 3, 4426.2266, 10980.2673
65242, 3, 5618.8626,  9170.6610
65246, 3, 4389.5116,  9719.3232
65253, 3, 2581.6034,  7620.4121
65257, 3, 5549.4237,  7611.6921
65265, 3, 4093.1184,   747.7486
65269, 3, 4027.6336, 11083.2390
65276, 3, 1456.6403, 10945.2390
65278, 3,  886.9709,  8965.0909
65288, 3, 5330.1675,  9305.4480
65289, 3, 1642.6454,  7553.5443
65291, 3, 5246.3629,  8066.7107
65297, 3,  496.4634,  6327.8030
65298, 3, 4174.1736, 11081.2200
65299, 3, 1595.0591, 12010.4594
65304, 3, 5565.7295,  4116.4991
65312, 3, 4954.1444, 10352.6339
65322, 3, 3957.3835, 11120.9843
65323, 3, 2528.9999,  6103.5098
65325, 3, 1666.4740,  9401.3739
65331, 3, 3043.8038,  7206.0165
65332, 3, 4978.3025,  8326.6000
65338, 3, 2145.8121,  8342.0994
65339, 3, 2458.2937,  7937.0511
65341, 3, 1807.7410,  3452.8668
65343, 3, 5357.4699,  7386.5476
65353, 3, 2830.1928,  7392.1693
65354, 3, 5729.5903,  9321.1832
65360, 3, 2820.3710, 10140.8207
65367, 3, 3494.1409,  4917.2346
65369, 3, 1599.3973,  6536.7807
65374, 3, 1944.8365,  6281.7157
65376, 3, 1603.9397, 10853.6726
65377, 3, 5413.9270,  8585.3926
65378, 3, 3535.1196, 10462.2475
65380, 3, 4870.2727,  4859.3692
65382, 3, 4894.4435,  6420.9336
65384, 3, 1374.0154,  7512.4289
65386, 3, 2609.3351,  7280.0529
65388, 3, 2739.4839,  6629.0229
65390, 3, 1327.8257,  2931.7085
65393, 3, 1979.1161,  6706.2247
65394, 3, 4802.1442,  1186.8226
65395, 3, 5061.7585,  2101.3263
65401, 3, 4795.6562, 10343.1926
65406, 3, 3499.5009,  3267.1363
65411, 3, 2570.9156,  7687.5867
65415, 3, 1895.4457, 11010.6632
65416, 3, 2206.3560,  7607.3357
65419, 3,  938.1131,  2906.4864
65432, 3, 4939.5667,  8162.2178
65436, 3, 4236.5728, 11109.8413
65445, 3, 4681.1395,  1089.7246
65449, 3, 3491.9994,  8010.5639
65451, 3, 1475.9048,  5398.6397
65452, 3,  615.3575,  8958.9779
65454, 3, 1379.9445, 10859.5646
65458, 3, 5543.9880,  7136.8404
65461, 3, 2551.4814,  8275.7773
65462, 3, 1146.5555,  7462.3676
65477, 3, 1775.5851,  9370.3751
65478, 3, 5724.3514,  8301.0438
65489, 3, 5074.7952,  8031.3424
65490, 3, 3471.2432, 11137.5159
65492, 3,  905.6207,  7677.0507
65499, 3, 2983.6994,  4156.6833
65507, 3, 2383.6671,  7964.0002
65508, 3, 3593.7864, 11015.3453
65509, 3, 4095.8431, 11126.8996
65516, 3, 2456.0557,  2961.8067
65520, 3, 3572.1941,  3907.4717
65521, 3, 4338.9300,  3127.2706
65523, 3, 3047.5094,  4132.3750
65533, 3, 5304.3965,  7368.1154
65539, 3, 5411.1603,  3690.7500
65541, 3, 3650.4662,  3510.2685
65546, 3, 4671.3344,  9032.4146
65550, 3, 5015.2789,  9079.7303
65554, 3, 2090.9557,  7552.6923
65555, 3, 2014.4688,  4949.1730
65558, 3, 3404.1154,  7277.0324
65561, 3, 4122.3546, 11553.1331
65573, 3, 3676.1044,  3034.9586
65580, 3, 5301.0143, 10025.7530
65582, 3, 5252.7599, 11678.5559
65584, 3, 3704.1376, 12160.2138
65587, 3,  908.2389,  9490.3491
65588, 3, 2306.0394,  1821.7677
65593, 3, 1459.3562,  3925.4966
65598, 3, 1657.3118,  4303.6434
65602, 3, 2925.3863, 11716.8480
65604, 3, 1739.8648,  3181.3440
65606, 3, 3416.3986, 10364.9150
65608, 3,  779.8954,  6660.2575
65609, 3, 3734.8889,  3019.9902
65610, 3, 3554.9258,  9241.2030
65614, 3, 1562.2931,  4140.3524
65619, 3, 3368.9935,  9051.1207
65620, 3,  848.8045,  7840.9644
65622, 3, 3060.2550,  4249.6521
65627, 3,  919.7633,  7556.7245
65639, 3, 4045.8865,  7163.3470
65664, 3, 1590.4357,  4366.9215
65665, 3, 3717.7005,  3697.0283
65666, 3, 4780.2150,  7343.8357
65674, 3, 2396.1743,  5831.9455
65675, 3, 3418.1394,  9407.2437
65683, 3, 5058.5809, 11630.0313
65688, 3, 3707.4006,  4608.6473
65694, 3, 2687.6361,  6355.6363
65696, 3, 1126.9977,  4944.5740
65697, 3, 1892.8360,  5040.6479
65699, 3, 4680.3421, 11378.9160
65700, 3, 3429.1072,  8511.3166
65716, 3, 3943.9893,  5009.9860
65727, 3, 2314.1158,  7643.2281
65731, 3, 6441.6253,  7579.8863
65732, 3, 7829.4835,  4905.6859
65733, 3, 6698.0705,  6958.5595
65734, 3, 6730.3236,  6881.1091
65737, 3, 3351.9627,  4932.8810
65740, 3, 6842.1645,  6620.0776
65742, 3, 6171.5104,  2016.1555
65743, 3, 3404.5416,  4895.6835
65744, 3, 3459.5896,  4847.8549
65746, 3, 6783.8105,  6933.7177
65747, 3, 7381.4763,  4860.5886
65748, 3, 3756.7443,  4073.8930
65751, 3, 3270.2565,  4973.3708
65752, 3, 5927.1067,  1848.0332
65754, 3, 7996.3517,  4886.7900
65757, 3, 7934.7655,  3834.1375
65762, 3, 7821.9770,  5057.1658
65769, 3, 7994.5897,  3590.0199
65779, 3, 7789.3966,  4981.4219
65781, 3, 7109.2054,  4615.3975
65783, 3, 7005.8334,  6591.0529
65790, 3, 8054.2118,  5201.9203
65791, 3, 6293.6805,  7454.6666
65792, 3, 3699.7855,  3924.2907
65794, 3, 5751.1398,  1729.2744
65796, 3, 3028.0651,  6807.0844
65801, 3, 7941.9658,  5042.5770
65802, 3, 6448.7494,  7723.2389
65809, 3, 7414.8203,  5635.4370
65810, 3, 3627.0178,  4360.1755
65819, 3, 7712.5485,  3881.9067
65825, 3, 3067.2678,  6738.7866
65828, 3, 3169.1869,  6781.1992
65832, 3, 7886.3251,  4003.6268
65834, 3, 7364.3942,  2802.5343
65835, 3, 6513.9912,  6928.4978
65844, 3, 6252.0992,  5309.6084
65848, 3, 6928.9050,  5438.0624
65851, 3, 4859.1116,  2837.1739
65855, 3, 6442.8157,  7101.3331
65857, 3, 7975.8360,  2063.0935
65859, 3, 6546.9402,  5623.1808
65860, 3, 8039.4755,  4157.1957
65864, 3, 8137.1395,  5117.1274
65865, 3, 7752.3229,  3820.3163
65867, 3, 4452.7466,  2742.2871
65873, 3, 5552.7308,  6926.3635
65874, 3, 4944.8543,  1163.8263
65875, 3, 3946.7624,  7111.6062
65882, 3, 7117.3147,  6699.9509
65884, 3, 7377.2178,  2874.5765
65900, 3, 6513.3286,  4517.9709
65902, 3, 6256.0917,  3339.7996
65903, 3, 5084.4999,  7165.5225
65904, 3, 4170.1587,  4009.6629
65905, 3, 6192.6384,  7779.0462
65909, 3, 6199.5336,  5352.8449
65910, 3, 5572.6875,  4394.9161
65913, 3, 5761.9222,  3743.2721
65919, 3, 3608.0259,  3392.2339
65927, 3, 4926.3735,  7766.8371
65930, 3, 6279.7073,  7302.9440
65932, 3, 4531.2937,  2144.5429
65936, 3, 3226.7644,  6833.2657
65937, 3, 6318.9121,  1510.4764
65944, 3, 3617.2620,  4986.4540
65946, 3, 7824.5576,  3283.1769
65959, 3, 3516.0605,  4404.6411
65977, 3, 6415.2055,  5164.5060
65980, 3, 3248.0201,  5858.7455
65985, 3, 6213.4201,  5259.5652
65989, 3, 7476.4582,  2230.9799
65991, 3, 3956.8579,   682.2832
65993, 3, 7836.3844,  6348.1589
65999, 3, 3970.8465,  5184.4204
66007, 3, 5617.6775,  4073.1181
66017, 3, 5506.2745,  1702.1764
66020, 3, 6149.6447,  1390.4419
66023, 3, 7527.3873,  1845.2501
66026, 3, 6625.1161,  4659.3415
66033, 3, 3267.1262,  2976.5819
66039, 3, 3700.0124,  3421.5286
66044, 3, 7289.7275,  7650.3157
66055, 3, 8286.1234,  5157.7859
66065, 3, 5957.8040,  7736.6813
66071, 3, 5482.9181,  4407.0480
66080, 3, 5280.3796,  3782.5914
66090, 3, 7965.4491,  2374.7387
66095, 3, 4293.3044,  5563.0685
66097, 3, 3780.8577,  5587.6211
66113, 3, 6977.3253,  3468.9069
66115, 3, 8054.7364,  5334.4355
66182, 3, 4264.0513, 11033.5141
66186, 3, 3506.7128,  6018.4505
66188, 3, 5359.9167,  7254.3052
66189, 3, 4735.0706, 10109.6887
66207, 3, 4477.3129,  9862.4759
66213, 3, 3833.4953,  3893.1288
66229, 3, 4199.6701,  6193.3951
66240, 3, 3502.3049,  9158.3007
66244, 3, 5781.6198,  8081.1366
66249, 3, 3368.9375,  3632.0404
66260, 3, 3163.9668, 11289.0979
66262, 3, 4944.8595,  9873.1198
66274, 3, 3579.8163,  9346.5502
66288, 3, 4979.0507,  5613.8675
66290, 3, 5221.7020,  3692.2278
66300, 3, 5641.6172,  8948.4060
66302, 3, 4072.5184,  6789.9758
66307, 3, 5509.5203, 11738.8147
66321, 3, 5597.1349,  8992.8132
66330, 3, 2847.0864, 10296.2005
66360, 3, 4640.1960, 10836.9464
66378, 3, 4343.5185,  9308.4231
66404, 3, 3645.2172,  9057.2432
66410, 3, 5316.8029,  7962.0114
66434, 3, 3659.4388, 11065.3664
66435, 3, 3164.5397,  2932.5308
66451, 3, 5724.7486,  9941.4006
66478, 3, 1453.1996,  6601.6280
66484, 3, 2686.0301,  1567.9612
66503, 3, 2753.6713,  5743.4245
66510, 3, 3206.7561,  4977.1840
66515, 3, 2691.3803,  3985.4077
66520, 3,  539.9087,  7433.5671
66544, 3, 3592.8374,  7148.6694
66548, 3, 2146.6067,  3415.7645
66556, 3, 2699.6869,  6110.1670
66562, 3, 2815.5660,  2721.7503
66582, 3, 3079.3312,  1106.5908
66585, 3, 3791.8395,  1350.0855
66619, 3, 1874.2550,  4024.4714
66624, 3, 4294.9067,  6980.2280
66625, 3, 2386.4793,  5680.0394
66626, 3, 6240.8309,  7397.4844
66627, 3, 1195.1069,  6694.6893
66632, 3, 1085.2929,   900.1559
66661, 3, 6353.8891,  7281.2174
66666, 3, 5850.2618,  8347.2082
66669, 3, 6369.0659,  7742.9254
66675, 3, 6296.7820,  9907.6996
66676, 3, 6729.7255, 10969.9058
66677, 3, 6199.3887,  9832.7928
66689, 3, 6939.1067, 11440.1922
66701, 3, 6910.6695, 11509.1785
66703, 3, 6342.3113,  9954.9857
66712, 3, 7170.5092, 11405.9254
66718, 3, 6120.3260,  9916.3562
66719, 3, 7132.9891,  5907.4974
66723, 3, 6996.9907,  8373.5656
66730, 3, 6276.0030,  8149.2371
66734, 3, 6303.7485,  8060.1947
66737, 3, 6895.6471, 10943.1513
66739, 3, 6213.2006,  7477.5703
66751, 3, 6399.9954,  7031.8069
66753, 3, 4801.2478, 11287.8657
66758, 3, 4380.1047, 10123.7909
66759, 3, 5300.8847,  7112.2709
66762, 3, 6146.3497,  5453.0076
66764, 3, 6253.8972,  8246.0059
66765, 3, 6026.7628,  9862.8747
66770, 3, 6960.9888,  8467.5815
66781, 3, 6578.5687, 11453.9540
66783, 3, 6199.9741, 10615.2741
66785, 3, 7242.0934, 11535.0436
66788, 3, 3533.6915, 10533.0486
66796, 3, 6647.1071, 11682.1169
66798, 3, 3070.6323, 11268.7186
66808, 3, 6126.3137,  8503.6129
66815, 3, 4067.3955,  7563.8137
66828, 3, 6573.6143,  6606.6617
66833, 3, 4831.1234,  5432.5728
66857, 3, 6622.4361, 10269.4470
66872, 3, 1315.5010,  6173.6066
67078, 3, 7275.8774, 11770.5453
67081, 3, 8092.6953,  5720.7233
67087, 3, 5950.5440,  8418.3425
67090, 3, 7186.1619,  7908.4404
67091, 3, 6537.3460,  9458.4947
67109, 3, 7434.4603, 12334.5810
67112, 3, 4321.8778,  9634.4970
67114, 3, 6727.6679,  9434.2668
67116, 3, 6823.4008, 11239.0250
67131, 3, 5781.8811,  8737.8365
67132, 3, 6418.2197,  9426.0936
67134, 3, 7170.6117,  8208.8804
67149, 3, 6856.3080,  7975.0809
67150, 3, 7080.8349,  8175.2899
67158, 3, 5961.2746,  9750.5346
67186, 3, 7197.4403,  8293.0344
67195, 3, 6641.4795,  9204.6306
67224, 3, 6105.1729, 10154.1308
67238, 3, 7219.7137, 11953.6358
67302, 3, 4063.1151,  8512.0585
67323, 3,  856.3174,  9017.9390
67338, 3, 2672.4522,  8270.6637
67353, 3, 2524.3310,  7928.0930
67357, 3, 2569.8162, 11433.5388
67361, 3, 2766.1904,  8358.4301
67362, 3,  537.4059, 10441.2897
67388, 3, 2211.0095, 11642.9692
67389, 3, 3612.0340,  9147.8123
67395, 3, 1611.9704,  6212.5787
67401, 3,  556.3430, 11431.3421
67403, 3, 4578.9171,  9228.6470
67407, 3, 4297.7403,  6855.4048
67408, 3, 2416.2402,  9287.9391
67415, 3, 2197.8636,  4948.1059
67416, 3, 2231.6421,  7062.2784
67421, 3, 1302.3758,  7838.1422
67435, 3,  759.3398,  8943.9121
67445, 3, 2577.6405, 10116.5780
67466, 3, 1767.5382,  7432.5317
67471, 3, 2794.5586,  6028.3207
67474, 3, 4302.5076,  9406.5742
67475, 3, 4463.7294,  7084.9003
65231, 4, 6907.2979, 11228.6561
65234, 4, 6225.9539, 10986.9895
65235, 4, 7887.2510,  9028.0784
65239, 4, 6811.5248, 11108.7117
65242, 4, 8063.9551,  9333.2179
65246, 4, 6816.3502,  9843.9994
65253, 4, 5067.0662,  7685.4074
65257, 4, 8041.6304,  7769.1406
65265, 4, 6793.4459,   852.0198
65269, 4, 6409.8862, 11201.8286
65276, 4, 3839.6982, 10986.3560
65278, 4, 3326.6696,  8982.3280
65289, 4, 4129.1652,  7591.7464
65291, 4, 7724.6741,  8216.9643
65297, 4, 3024.6239,  6329.6131
65298, 4, 6556.8310, 11204.0380
65299, 4, 3946.2124, 12058.1061
65304, 4, 8164.1627,  4267.7791
65312, 4, 7361.4133, 10499.7633
65322, 4, 6337.8725, 11239.1149
65323, 4, 5063.8066,  6165.2218
65325, 4, 4098.9519,  9443.5305
65331, 4, 5556.7916,  7285.2998
65332, 4, 7448.8803,  8469.4206
65338, 4, 4611.8286,  8396.0215
65339, 4, 4934.5996,  7998.6155
65341, 4, 4436.6301,  3491.6782
65343, 4, 7857.3221,  7536.8307
65353, 4, 5340.5813,  7468.4304
65354, 4, 8169.8474,  9488.6823
65360, 4, 5231.2644, 10220.5058
65367, 4, 6067.9697,  5007.3304
65369, 4, 4117.8494,  6571.8000
65374, 4, 4470.5828,  6326.8162
65376, 4, 3987.5986, 10898.6383
65377, 4, 7874.8822,  8740.7523
65378, 4, 5931.2901, 10566.0917
65380, 4, 7453.8628,  4991.0304
65382, 4, 7432.4185,  6557.0484
65384, 4, 3864.0438,  7542.8570
65386, 4, 5113.1545,  7348.8435
65388, 4, 5256.3474,  6699.2878
65390, 4, 3974.8363,  2952.7308
65393, 4, 4518.3257,  6754.0481
65394, 4, 7484.7240,  1315.0773
65395, 4, 7730.3578,  2236.5145
65401, 4, 7201.5476, 10484.5695
65406, 4, 6128.8408,  3355.3151
65411, 4, 5053.8655,  7754.3646
65415, 4, 4283.2372, 11064.7551
65416, 4, 4694.8960,  7663.2705
65419, 4, 3567.4755,  2918.5129
65432, 4, 7413.9346,  8302.6730
65436, 4, 6618.4319, 11236.1398
65445, 4, 7364.1409,  1213.5770
65449, 4, 5991.1301,  8108.4538
65451, 4, 4030.6764,  5429.8585
65452, 4, 3054.5669,  8970.5662
65454, 4, 3765.1505, 10899.0085
65458, 4, 8051.7956,  7294.4471
65461, 4, 5020.5299,  8343.2205
65462, 4, 3633.5607,  7485.5553
65477, 4, 4206.1525,  9415.3418
65478, 4, 8195.9542,  8465.0537
65489, 4, 7554.7351,  8175.1651
65490, 4, 5862.5952, 11242.4168
65492, 4, 3389.3284,  7694.9101
65499, 4, 5585.5609,  4228.1208
65507, 4, 4862.4860,  8023.3019
65508, 4, 5977.4710, 11120.3075
65509, 4, 6477.9275, 11248.9497
65516, 4, 5088.1482,  3018.9291
65520, 4, 6176.2549,  3998.1803
65521, 4, 6965.9448,  3241.9700
65523, 4, 5644.9138,  4209.4394
65533, 4, 7803.3016,  7519.0226
65539, 4, 8025.9686,  3837.4109
65541, 4, 6261.1889,  3604.4041
65546, 4, 7121.7292,  9167.4216
65550, 4, 7461.4417,  9225.2817
65554, 4, 4581.0562,  7606.0111
65555, 4, 4582.3803,  4993.1662
65558, 4, 5934.5386,  7372.1724
65561, 4, 6492.5871, 11676.5993
65573, 4, 6306.0150,  3126.7767
65580, 4, 7732.7860, 10183.9038
65582, 4, 7650.1047, 11839.8319
65584, 4, 6061.6430, 12275.8526
65587, 4, 3332.4727,  9510.9145
65588, 4, 4979.6763,  1871.8496
65593, 4, 4054.4596,  3950.9707
65598, 4, 4258.1614,  4336.8854
65602, 4, 5314.5867, 11805.5905
65604, 4, 4368.1983,  3213.2375
65606, 4, 5819.8083, 10462.4918
65608, 4, 3299.5560,  6672.7591
65609, 4, 6364.3547,  3115.3196
65614, 4, 4163.6702,  4170.6668
65619, 4, 5814.5667,  9144.6838
65620, 4, 3327.8583,  7856.5733
65622, 4, 5651.3478,  4327.6556
65627, 4, 3403.0359,  7572.6691
65639, 4, 6550.6260,  7275.4380
65664, 4, 4192.1391,  4399.3993
65665, 4, 6332.0530,  3791.7784
65666, 4, 7308.6477,  7478.8881
65674, 4, 4940.4265,  5892.2714
65675, 4, 5852.6790,  9506.0991
65683, 4, 7439.0921, 11783.7856
65688, 4, 6289.1227,  4704.7217
65694, 4, 5215.2209,  6423.5252
65696, 4, 3696.1050,  4962.2505
65697, 4, 4468.8308,  5081.6206
65699, 4, 7071.2449, 11520.5500
65700, 4, 5902.5531,  8610.1208
65716, 4, 6519.2682,  5114.2581
65727, 4, 4802.1368,  7703.4784
65737, 4, 5923.7546,  5019.0609
65739, 4, 5895.3094,  4962.6857
65743, 4, 5977.2679,  4983.6540
65744, 4, 6032.9668,  4938.5710
65748, 4, 6351.3915,  4172.1650
65751, 4, 5837.5715,  5056.7391
65759, 4, 6360.2332,  4093.2397
65796, 4, 5543.1208,  6887.1978
65828, 4, 5680.6020,  6864.6759
65851, 4, 7495.5297,  2965.4248
65873, 4, 8067.6118,  7081.5001
65874, 4, 7628.3136,  1292.7497
65875, 4, 6454.5150,  7220.4356
65904, 4, 6767.9473,  4121.1037
65919, 4, 6224.0687,  3484.9211
65925, 4, 6447.5860,   751.6366
65936, 4, 5741.0999,  6919.2193
65945, 4, 6006.5242,  2740.4532
65953, 4, 7154.3636,  2847.9505
65962, 4, 7770.6530,  5225.7040
65972, 4, 6273.8592,  5105.3212
65980, 4, 5793.8263,  5943.0698
65999, 4, 6543.0228,  5289.2282
66000, 4, 7240.0221,  6401.4586
66007, 4, 8218.6496,  4227.3477
66017, 4, 8177.9128,  1850.8106
66047, 4, 8286.8119,  4076.4982
66060, 4, 7327.0439,  3858.4493
66071, 4, 8073.1622,  4556.8547
66080, 4, 7888.0316,  3926.0297
66084, 4, 7719.6229,  4166.8586
66097, 4, 6351.7046,  5687.4189
66168, 4, 8299.6646,  2907.8119
66182, 4, 6650.4534, 11162.0231
66183, 4, 7556.7584,  9588.2020
66186, 4, 6042.0083,  6110.9613
66188, 4, 7861.9190,  7407.0051
66189, 4, 7148.5996, 10247.9118
66202, 4, 7698.0465,  9450.1290
66207, 4, 6899.0765,  9993.2873
66213, 4, 6434.8343,  3991.5631
66229, 4, 6745.6014,  6309.5072
66230, 4, 7139.3782, 10408.1905
66240, 4, 5946.2427,  9259.7240
66244, 4, 8260.8897,  8247.0545
66249, 4, 5977.6672,  3716.2389
66254, 4, 5196.7364, 11447.3650
66260, 4, 5542.7961, 11381.8350
66262, 4, 7378.4499, 10016.6839
66274, 4, 6014.3247,  9450.0422
66288, 4, 7532.2238,  5750.6205
66290, 4, 7835.8641,  3832.9993
66300, 4, 8094.3357,  9113.0717
66321, 4, 8047.5509,  9154.2828
66328, 4, 6497.9968, 12302.1185
66333, 4, 7390.4221, 10213.1427
66334, 4, 6284.5892,  9717.9621
66337, 4, 7988.7749,  8383.1011
66350, 4, 7565.0490,  7638.4064
66354, 4, 7518.6958,  6522.8804
66378, 4, 6806.6984,  9434.6486
66404, 4, 6092.9543,  9159.6756
66410, 4, 7798.3335,  8113.2474
66429, 4, 6032.5416,  9071.8859
66434, 4, 6044.6355, 11171.4401
66435, 4, 5800.8214,  3011.8672
66436, 4, 5685.6749,  7431.5476
66441, 4, 7958.0204,  1697.0681
66451, 4, 8146.1557, 10109.7394
66484, 4, 5361.1070,  1628.9374
66503, 4, 5296.6278,  5814.5440
66510, 4, 5773.5079,  5058.3070
66515, 4, 5289.3789,  4050.5718
66520, 4, 3052.0254,  7440.8086
66548, 4, 4761.0737,  3464.3192
66556, 4, 5232.5822,  6178.4045
66562, 4, 5454.0990,  2788.2052
66582, 4, 5765.9454,  1178.5906
66585, 4, 6470.0371,  1446.2689
66619, 4, 4495.2797,  4065.3567
66624, 4, 6804.1463,  7098.1174
66625, 4, 4932.2216,  5738.8350
66627, 4, 3723.2480,  6719.7294
66632, 4, 3793.1377,   912.4066
66872, 4, 3843.1794,  6197.4490
67021, 4, 7194.8523,  7531.4194
67323, 4, 3294.7020,  9036.0824
67338, 4, 5141.4251,  8343.1443
67353, 4, 5001.8218,  7993.5929
67357, 4, 4938.7169, 11510.6941
67361, 4, 5235.5599,  8433.8271
67362, 4, 2931.9050, 10453.7114
67388, 4, 4573.1965, 11709.3833
67389, 4, 6054.2936,  9250.2837
67395, 4, 4139.9497,  6246.1211
67401, 4, 2920.8277, 11445.9298
67403, 4, 7024.9435,  9359.3294
67407, 4, 6810.2683,  6974.0599
67408, 4, 4852.8283,  9353.3655
67415, 4, 4780.6904,  5001.1777
67416, 4, 4734.3631,  7117.7198
67421, 4, 3779.3012,  7867.3276
67435, 4, 3197.7614,  8957.9203
67445, 4, 5003.4589, 10190.5403
67466, 4, 4257.3452,  7475.1410
67471, 4, 5330.8110,  6101.5506
67474, 4, 6763.1415,  9528.8834
67475, 4, 6972.0727,  7209.3131
65231, 5, 3702.6548,  6698.8997
65234, 5, 4397.5249,  6825.8127
65235, 5, 3075.0006,  8980.8346
65239, 5, 3809.6751,  6797.1819
65242, 5, 2858.9249,  8709.1682
65253, 5, 6015.7281,  9874.9484
65269, 5, 4184.9129,  6646.7026
65276, 5, 6720.6559,  6483.1257
65278, 5, 7516.8005,  8352.3572
65288, 5, 3129.3470,  8540.5951
65289, 5, 6942.7349,  9827.5619
65291, 5, 3354.9986,  9748.8730
65297, 5, 8217.9965, 10907.6164
65299, 5, 6453.7387,  5455.4105
65325, 5, 6697.5544,  8020.3939
65331, 5, 5609.5122, 10361.6786
65332, 5, 3587.8830,  9465.9964
65338, 5, 6353.6400,  9117.7823
65339, 5, 6099.9573,  9550.3837
65360, 5, 5478.3603,  7434.7643
65376, 5, 6584.5485,  6585.4988
65377, 5, 3130.6458,  9256.3418
65378, 5, 4743.3591,  7192.7614
65384, 5, 7212.3057,  9836.9461
65386, 5, 6027.1086, 10222.0668
65388, 5, 5980.4307, 10863.0812
65393, 5, 6713.0855, 10750.8574
65401, 5, 3524.6716,  7466.4410
65411, 5, 6019.3679,  9801.3922
65415, 5, 6281.4566,  6488.1377
65432, 5, 3641.7409,  9616.6466
65436, 5, 3980.1794,  6644.8893
65451, 5, 7363.6205, 11922.9924
65452, 5, 7783.7304,  8322.4901
65454, 5, 6805.7439,  6557.7072
65458, 5, 3173.6704, 10692.9053
65461, 5, 5966.5770,  9237.1365
65462, 5, 7444.5954,  9855.1805
65477, 5, 6596.4446,  8063.3591
65492, 5, 7651.9852,  9623.3815
65507, 5, 6165.9188,  9521.1205
65554, 5, 6503.4351,  9881.2021
65555, 5, 6892.7657, 12423.4737
65584, 5, 4375.5125,  5577.8900
65587, 5, 7430.0817,  7838.6562
65606, 5, 4872.4329,  7277.3570
65610, 5, 4869.8369,  8396.3795
65620, 5, 7688.8791,  9460.6829
65627, 5, 7651.6298,  9736.8046
65639, 5, 4634.6065, 10496.0859
65675, 5, 4983.2701,  8225.0307
65694, 5, 6060.6536, 11122.6226
65696, 5, 7760.9816, 12329.4653
65699, 5, 3513.1034,  6472.2602
65727, 5, 6274.1035,  9818.6039
65734, 5, 2046.8896, 11078.6479
65740, 5, 1968.1275, 11350.4027
65772, 5, 2298.0877, 10667.3374
65774, 5, 1919.9074, 11519.4501
65775, 5, 1968.5466, 11104.2708
65809, 5, 1521.9647, 12436.0763
65882, 5, 1688.7275, 11305.2530
65903, 5, 3617.7425, 10612.5476
65927, 5, 3698.6222, 10060.5222
65930, 5, 2435.5356, 10615.2646
65993, 5, 1029.7568, 11733.2104
66044, 5, 1408.8476, 10392.4278
66095, 5, 4582.0366, 12134.5179
66097, 5, 5078.9532, 12043.2466
66139, 5, 4710.8469, 11718.8130
66183, 5, 3314.2661,  8386.7911
66188, 5, 3341.3049, 10552.6198
66202, 5, 3196.0422,  8540.6977
66207, 5, 3890.7214,  7902.7610
66230, 5, 3599.7860,  7535.5256
66244, 5, 2830.3087,  9797.6292
66254, 5, 5331.0934,  6237.4296
66274, 5, 4834.0652,  8298.1232
66288, 5, 3907.9516, 12124.3489
66300, 5, 2864.0329,  8927.4969
66302, 5, 4655.6102, 10857.8883
66307, 5, 2656.9292,  6246.0328
66321, 5, 2902.0928,  8877.6154
66328, 5, 3951.2396,  5622.4918
66330, 5, 5435.9080,  7285.1464
66333, 5, 3382.4033,  7757.4439
66334, 5, 4529.8897,  8079.1039
66337, 5, 3073.0913,  9621.0547
66350, 5, 3621.5811, 10335.1155
66354, 5, 3809.5392, 11371.8839
66360, 5, 3613.0850,  6996.6305
66404, 5, 4800.6799,  8587.8558
66410, 5, 3297.3783,  9857.9906
66429, 5, 4873.7898,  8669.9755
66436, 5, 5458.4517, 10219.0770
66478, 5, 7246.2515, 10732.3227
66544, 5, 5079.8538, 10513.0734
66556, 5, 6080.0339, 11365.3595
66624, 5, 4415.5814, 10698.1765
66626, 5, 2461.4586, 10516.3107
66661, 5, 2366.5025, 10649.8963
66666, 5, 2729.4471,  9545.2754
66669, 5, 2295.9737, 10193.3367
66675, 5, 2110.0568,  8074.0061
66676, 5, 1561.7090,  7095.5220
66677, 5, 2210.8964,  8136.8947
66689, 5, 1302.4532,  6656.7256
66701, 5, 1321.3134,  6583.0023
66703, 5, 2060.9876,  8032.5079
66712, 5, 1079.4706,  6716.3694
66718, 5, 2281.4490,  8043.7604
66719, 5, 1763.7555, 12142.4025
66723, 5, 1608.5324,  9660.1548
66730, 5, 2338.1150,  9782.7866
66734, 5, 2322.2085,  9873.9299
66737, 5, 1403.1116,  7134.6295
66739, 5, 2481.6612, 10432.7971
66751, 5, 2351.7594, 10889.5354
66753, 5, 3407.2970,  6543.9048
66758, 5, 3952.8173,  7642.0911
66759, 5, 3413.7345, 10690.1513
66762, 5, 2784.8205, 12416.4046
66764, 5, 2346.4348,  9688.6576
66765, 5, 2378.2275,  8089.9434
66770, 5, 1634.2884,  9556.3539
66781, 5, 1650.2945,  6598.8808
66783, 5, 2120.0344,  7370.5670
66785, 5,  996.3974,  6598.4546
66788, 5, 4736.1631,  7130.1013
66796, 5, 1560.2108,  6384.0555
66798, 5, 5098.7756,  6377.8018
66808, 5, 2443.7390,  9421.1418
66815, 5, 4564.9635, 10115.0529
66828, 5, 2233.3914, 11328.4793
66833, 5, 4071.3368, 12303.5611
66857, 5, 1747.6643,  7791.4436
66872, 5, 7429.1902, 11142.7459
67021, 5, 3991.0969, 10382.8490
67078, 5,  937.2540,  6373.2472
67081, 5,  856.5556, 12378.7619
67087, 5, 2624.5939,  9489.0884
67090, 5, 1477.9979, 10128.9859
67091, 5, 1927.2810,  8538.9685
67109, 5,  711.0756,  5841.2948
67112, 5, 4070.0647,  8107.8435
67114, 5, 1746.8026,  8593.6018
67116, 5, 1440.7089,  6826.1072
67131, 5, 2752.5648,  9150.6382
67132, 5, 2052.1550,  8561.1742
67134, 5, 1459.2403,  9840.8212
67149, 5, 1790.2599, 10073.6641
67150, 5, 1551.2292,  9859.8456
67158, 5, 2455.4550,  8190.0722
67186, 5, 1420.9021,  9758.4931
67195, 5, 1856.7010,  8803.3337
67224, 5, 2270.1198,  7806.4649
67238, 5,  970.6366,  6185.4836
67302, 5, 4454.5435,  9213.1159
67323, 5, 7540.3632,  8295.1343
67338, 5, 5846.9710,  9242.6816
67353, 5, 6034.5352,  9565.4156
67357, 5, 5573.6489,  6137.2552
67361, 5, 5745.1907,  9174.8608
67362, 5, 7682.1362,  6864.8319
67388, 5, 5900.4870,  5890.5470
67389, 5, 4823.0522,  8496.3883
67395, 5, 7134.9685, 11138.5736
67401, 5, 7545.0833,  5898.1084
67403, 5, 3870.8181,  8538.9050
67407, 5, 4426.2971, 10820.8294
67408, 5, 5977.4329,  8214.3990
67415, 5, 6711.5287, 12473.4610
67416, 5, 6423.9610, 10375.9121
67421, 5, 7244.6820,  9508.7062
67435, 5, 7645.3856,  8357.9346
67445, 5, 5719.2722,  7454.7618
67466, 5, 6837.8452,  9958.6218
67471, 5, 5999.1109, 11458.4182
67474, 5, 4114.3445,  8372.0628
67475, 5, 4236.3790, 10617.6950
