Bundle Soln PhotoModeler Calibration Project
 0.000500 20 2272 1704
 1.00000  0.10000 10.00000 100.00000 100.00000 100.00000 20.00000 20.00000 20.00000
 7.4486  3.6065  2.5953 7.25319 5.43764 0.00458 -0.00005 -0.00000 -0.00005 -0.00011
 0.00000  0.00725  0.00544 0.500000 0.500000 0.001000 0.000100 0.000100 0.001000 0.001000
   0 f:\photomodeler\camera_calibration\olympus_c4040z\2272x1704_inf_focus_2007-08\images-inf_focus\P8250021.JPG
   0    0.453    1.792    1.468 -179.849   -1.315  -39.511
   0   0.0002   0.0003   0.0003   0.0028   0.0118   0.0127

   0   7.449   3.607   2.595 7.25319 5.43764 0.00458 -0.00005 -0.00000 -0.00005 -0.00011
   0  0.00000  0.00725  0.00544 0.500000 0.500000 0.001000 0.000100 0.000100 0.001000 0.001000
   1 f:\photomodeler\camera_calibration\olympus_c4040z\2272x1704_inf_focus_2007-08\images-inf_focus\P8250022.JPG
   1    0.468    2.024    1.639  -90.127   -2.009  -39.621
   1   0.0002   0.0004   0.0004   0.0029   0.0133   0.0123

   1   7.449   3.607   2.595 7.25319 5.43764 0.00458 -0.00005 -0.00000 -0.00005 -0.00011
   1  0.00000  0.00725  0.00544 0.500000 0.500000 0.001000 0.000100 0.000100 0.001000 0.001000
   2 f:\photomodeler\camera_calibration\olympus_c4040z\2272x1704_inf_focus_2007-08\images-inf_focus\P8250023.JPG
   2   -0.644    1.466    1.577 -141.882  -28.737  -27.315
   2   0.0003   0.0002   0.0004   0.0081   0.0108   0.0162

   2   7.449   3.607   2.595 7.25319 5.43764 0.00458 -0.00005 -0.00000 -0.00005 -0.00011
   2  0.00000  0.00725  0.00544 0.500000 0.500000 0.001000 0.000100 0.000100 0.001000 0.001000
   3 f:\photomodeler\camera_calibration\olympus_c4040z\2272x1704_inf_focus_2007-08\images-inf_focus\P8250024.JPG
   3   -0.643    1.489    1.634  -49.710  -30.377  -28.398
   3   0.0003   0.0003   0.0004   0.0063   0.0135   0.0124

   3   7.449   3.607   2.595 7.25319 5.43764 0.00458 -0.00005 -0.00000 -0.00005 -0.00011
   3  0.00000  0.00725  0.00544 0.500000 0.500000 0.001000 0.000100 0.000100 0.001000 0.001000
   4 f:\photomodeler\camera_calibration\olympus_c4040z\2272x1704_inf_focus_2007-08\images-inf_focus\P8250025.JPG
   4   -0.670    0.419    1.408  -87.102  -34.795    4.425
   4   0.0003   0.0002   0.0003   0.0083   0.0131   0.0146

   4   7.449   3.607   2.595 7.25319 5.43764 0.00458 -0.00005 -0.00000 -0.00005 -0.00011
   4  0.00000  0.00725  0.00544 0.500000 0.500000 0.001000 0.000100 0.000100 0.001000 0.001000
   5 f:\photomodeler\camera_calibration\olympus_c4040z\2272x1704_inf_focus_2007-08\images-inf_focus\P8250026.JPG
   5   -0.712    0.478    1.464    1.554  -33.905    2.177
   5   0.0003   0.0002   0.0003   0.0090   0.0119   0.0156

   5   7.449   3.607   2.595 7.25319 5.43764 0.00458 -0.00005 -0.00000 -0.00005 -0.00011
   5  0.00000  0.00725  0.00544 0.500000 0.500000 0.001000 0.000100 0.000100 0.001000 0.001000


       2    0.28519    1.14293   -0.00070   0.000059   0.000047   0.000096
       3    0.42801    1.14300    0.00016   0.000064   0.000047   0.000096
       4    0.14243    1.14294   -0.00042   0.000056   0.000051   0.000105
       5    0.57090    1.14306    0.00090   0.000069   0.000048   0.000098
       6   -0.00033    1.14285   -0.00048   0.000053   0.000054   0.000107
       7    0.71367    1.14308    0.00034   0.000075   0.000049   0.000102
       8   -0.14303    1.14276   -0.00044   0.000057   0.000061   0.000114
       9    0.85675    1.14309    0.00020   0.000081   0.000052   0.000107
      10    0.99969    1.14314   -0.00143   0.000089   0.000057   0.000113
      11    1.14271    1.14322   -0.00071   0.000106   0.000067   0.000125
      12    0.28537    1.00009    0.00005   0.000057   0.000049   0.000093
      13    0.42816    1.00011    0.00031   0.000062   0.000050   0.000093
      14    0.14255    1.00011   -0.00025   0.000053   0.000048   0.000094
      15    0.57104    1.00013    0.00138   0.000068   0.000051   0.000095
    1001    0.00000    1.00000    0.00000   0.545921   0.545921   0.545921
      16    0.71380    1.00010    0.00063   0.000074   0.000052   0.000098
      17   -0.14285    0.99999    0.00074   0.000049   0.000051   0.000100
      18    0.85685    1.00009    0.00029   0.000080   0.000054   0.000102
    1002    1.00000    1.00000    0.00000   0.545921   0.545921   0.545921
      19    1.14283    1.00006   -0.00124   0.000096   0.000061   0.000115
      20    0.28552    0.85728    0.00052   0.000057   0.000053   0.000093
      21    0.14271    0.85732    0.00037   0.000054   0.000051   0.000093
      22    0.42829    0.85731    0.00066   0.000061   0.000054   0.000093
      23   -0.00004    0.85731    0.00097   0.000050   0.000050   0.000095
      24    0.57113    0.85726    0.00245   0.000067   0.000055   0.000094
      25   -0.14267    0.85720    0.00083   0.000047   0.000052   0.000099
      26    0.71396    0.85718    0.00245   0.000074   0.000055   0.000097
      27    0.85684    0.85720    0.00055   0.000080   0.000057   0.000100
      28    0.99988    0.85708   -0.00018   0.000086   0.000060   0.000106
      29    1.14277    0.85709   -0.00104   0.000095   0.000063   0.000112
      30   -0.14255    0.71440    0.00030   0.000047   0.000055   0.000099
      31    0.00009    0.71448    0.00133   0.000052   0.000054   0.000095
      32    0.14287    0.71446    0.00140   0.000056   0.000054   0.000094
      33    0.28565    0.71442    0.00068   0.000059   0.000055   0.000095
      34    0.42842    0.71444    0.00072   0.000061   0.000056   0.000096
      35    0.85693    0.71423    0.00055   0.000082   0.000060   0.000101
      36    0.57128    0.71435    0.00399   0.000067   0.000057   0.000096
      37    0.71401    0.71425    0.00259   0.000075   0.000058   0.000098
      38    0.99994    0.71412   -0.00080   0.000088   0.000063   0.000106
      39    1.14298    0.71403    0.00215   0.000097   0.000067   0.000111
      40    0.14298    0.57166    0.00133   0.000058   0.000056   0.000096
      41    0.28569    0.57162    0.00126   0.000060   0.000056   0.000097
      42   -0.14247    0.57165    0.00423   0.000048   0.000059   0.000100
      43    0.42858    0.57152    0.00178   0.000062   0.000057   0.000098
      44    0.85697    0.57132    0.00067   0.000085   0.000064   0.000103
      45    0.00028    0.57166    0.00379   0.000054   0.000057   0.000097
      46    1.00003    0.57118    0.00084   0.000092   0.000067   0.000107
      47    0.71411    0.57132    0.00244   0.000077   0.000061   0.000100
      48    1.14302    0.57099    0.00194   0.000101   0.000072   0.000113
      49    0.57142    0.57144    0.00437   0.000068   0.000059   0.000099
      50   -0.14232    0.42884    0.00069   0.000049   0.000064   0.000104
      51    0.00036    0.42888    0.00093   0.000054   0.000062   0.000100
      52    1.14303    0.42805    0.00020   0.000106   0.000078   0.000115
      53    1.00002    0.42820    0.00008   0.000096   0.000073   0.000110
      54    0.14313    0.42879    0.00223   0.000059   0.000061   0.000099
      55    0.28584    0.42876    0.00058   0.000062   0.000061   0.000099
      56    0.42863    0.42870    0.00052   0.000064   0.000062   0.000101
      57    0.85702    0.42838    0.00007   0.000088   0.000069   0.000106
      58    0.71416    0.42845    0.00129   0.000079   0.000066   0.000103
      59    0.57143    0.42858    0.00314   0.000070   0.000064   0.000102
      60    1.14304    0.28524   -0.00126   0.000112   0.000086   0.000119
      61   -0.14229    0.28603    0.00076   0.000050   0.000069   0.000109
      62    0.00044    0.28600    0.00053   0.000055   0.000067   0.000104
      63    1.00003    0.28537   -0.00066   0.000101   0.000081   0.000114
      64    0.14315    0.28603    0.00054   0.000060   0.000067   0.000102
      65    0.28587    0.28593   -0.00005   0.000064   0.000067   0.000103
      66    0.85707    0.28553   -0.00045   0.000091   0.000077   0.000110
      67    0.42863    0.28594    0.00025   0.000067   0.000069   0.000104
      68    0.71412    0.28568   -0.00007   0.000082   0.000073   0.000107
      69    0.57148    0.28575    0.00169   0.000073   0.000071   0.000105
      70    1.14305    0.14216   -0.00113   0.000119   0.000096   0.000124
      71   -0.14227    0.14316    0.00021   0.000052   0.000075   0.000116
      72    1.00010    0.14228   -0.00024   0.000106   0.000090   0.000119
      73    0.00038    0.14312    0.00020   0.000057   0.000073   0.000111
      74    0.85719    0.14253   -0.00070   0.000095   0.000085   0.000115
      75    0.14322    0.14304    0.00078   0.000062   0.000072   0.000108
      76    0.71418    0.14275   -0.00039   0.000085   0.000081   0.000112
      77    0.28592    0.14300    0.00047   0.000067   0.000073   0.000108
      78    0.42869    0.14296    0.00003   0.000071   0.000075   0.000109
      79    0.57140    0.14287    0.00030   0.000077   0.000078   0.000110
      80    1.14317   -0.00090   -0.00236   0.000128   0.000109   0.000130
    1004    1.00000    0.00000    0.00000   0.545921   0.545921   0.545921
      81   -0.14226    0.00026    0.00171   0.000058   0.000087   0.000128
    1003    0.00000    0.00000    0.00000   0.545921   0.545921   0.545921
      82    0.85716   -0.00038   -0.00180   0.000101   0.000096   0.000120
      83    0.14316    0.00020   -0.00026   0.000065   0.000080   0.000115
      84    0.28587    0.00012   -0.00086   0.000070   0.000081   0.000114
      85    0.42877    0.00004   -0.00108   0.000076   0.000083   0.000114
      86    0.71435   -0.00031   -0.00013   0.000091   0.000091   0.000117
      87    0.57152   -0.00018    0.00048   0.000082   0.000086   0.000115
      88    1.14328   -0.14406   -0.00325   0.000137   0.000126   0.000136
      89    1.00028   -0.14376   -0.00279   0.000121   0.000117   0.000131
      90   -0.14239   -0.14281    0.00091   0.000067   0.000158   0.000167
      91    0.85736   -0.14344   -0.00240   0.000108   0.000110   0.000127
      92    0.00040   -0.14271   -0.00001   0.000066   0.000115   0.000137
      93    0.71437   -0.14323   -0.00207   0.000097   0.000103   0.000124
      94    0.14315   -0.14268   -0.00078   0.000071   0.000109   0.000132
      95    0.28586   -0.14274   -0.00180   0.000077   0.000108   0.000130
      96    0.57151   -0.14303   -0.00203   0.000088   0.000098   0.000122
      97    0.42875   -0.14284   -0.00180   0.000081   0.000094   0.000121

   0        2 1429.1871 1456.4278  0.10000  0.10000
   0        3 1217.8557 1456.1798  0.10000  0.10000
   0        4 1638.5148 1454.0811  0.10000  0.10000
   0        5 1006.2362 1453.7820  0.10000  0.10000
   0        6 1844.4644 1450.3823  0.10000  0.10000
   0        7  797.0289 1449.8387  0.10000  0.10000
   0        8 2047.1395 1446.2662  0.10000  0.10000
   0        9  591.4144 1443.8697  0.10000  0.10000
   0       10  391.6128 1437.6830  0.10000  0.10000
   0       11  195.6615 1429.8491  0.10000  0.10000
   0       12 1418.1391 1270.0164  0.10000  0.10000
   0       13 1216.8273 1269.9377  0.10000  0.10000
   0       14 1617.4939 1268.7603  0.10000  0.10000
   0       15 1015.1358 1267.7026  0.10000  0.10000
   0     1001 1813.4284 1266.2367  0.10000  0.10000
   0       16  815.6912 1265.0421  0.10000  0.10000
   0       17 2005.8948 1262.2445  0.10000  0.10000
   0       18  619.7495 1260.9004  0.10000  0.10000
   0     1002  428.5563 1255.3326  0.10000  0.10000
   0       19  243.4372 1250.7945  0.10000  0.10000
   0       20 1407.5207 1099.9881  0.10000  0.10000
   0       21 1597.5731 1099.4047  0.10000  0.10000
   0       22 1215.6603 1099.7737  0.10000  0.10000
   0       23 1784.5411 1097.5548  0.10000  0.10000
   0       24 1023.4725 1097.3086  0.10000  0.10000
   0       25 1967.4325 1095.6753  0.10000  0.10000
   0       26  833.0220 1095.1614  0.10000  0.10000
   0       27  646.4377 1093.7252  0.10000  0.10000
   0       28  464.1943 1090.7112  0.10000  0.10000
   0       29  287.2191 1087.5448  0.10000  0.10000
   0       30 1931.4343  944.3629  0.10000  0.10000
   0       31 1757.0625  944.2338  0.10000  0.10000
   0       32 1578.6473  944.5296  0.10000  0.10000
   0       33 1397.3486  945.0716  0.10000  0.10000
   0       34 1214.4710  944.7584  0.10000  0.10000
   0       35  671.6101  941.2705  0.10000  0.10000
   0       36 1031.2014  941.4652  0.10000  0.10000
   0       37  849.7808  941.2251  0.10000  0.10000
   0       38  497.6257  940.4461  0.10000  0.10000
   0       39  326.8614  936.2355  0.10000  0.10000
   0       40 1560.5906  804.2485  0.10000  0.10000
   0       41 1387.7016  803.8287  0.10000  0.10000
   0       42 1898.9988  803.0511  0.10000  0.10000
   0       43 1213.2420  802.8610  0.10000  0.10000
   0       44  695.3857  802.2472  0.10000  0.10000
   0       45 1731.4896  802.8705  0.10000  0.10000
   0       46  528.4134  801.6390  0.10000  0.10000
   0       47  865.5582  801.2688  0.10000  0.10000
   0       48  365.3910  800.1903  0.10000  0.10000
   0       49 1038.5198  800.3304  0.10000  0.10000
   0       50 1866.1747  679.4978  0.10000  0.10000
   0       51 1706.2913  678.0781  0.10000  0.10000
   0       52  402.0369  677.3159  0.10000  0.10000
   0       53  558.0698  676.6650  0.10000  0.10000
   0       54 1543.5888  675.8288  0.10000  0.10000
   0       55 1378.4256  676.2626  0.10000  0.10000
   0       56 1212.0953  675.7048  0.10000  0.10000
   0       57  717.7645  676.1453  0.10000  0.10000
   0       58  880.5014  674.7863  0.10000  0.10000
   0       59 1045.5639  673.3149  0.10000  0.10000
   0       60  436.2440  565.0226  0.10000  0.10000
   0       61 1836.6646  564.3044  0.10000  0.10000
   0       62 1683.2268  562.5779  0.10000  0.10000
   0       63  585.8161  562.8024  0.10000  0.10000
   0       64 1527.4848  561.0436  0.10000  0.10000
   0       65 1369.7331  560.2879  0.10000  0.10000
   0       66  738.7234  561.2654  0.10000  0.10000
   0       67 1210.9978  559.4700  0.10000  0.10000
   0       68  894.5485  560.0128  0.10000  0.10000
   0       69 1052.1045  558.2089  0.10000  0.10000
   0       70  467.8120  460.8823  0.10000  0.10000
   0       71 1808.7576  459.4924  0.10000  0.10000
   0       72  611.4717  457.7879  0.10000  0.10000
   0       73 1661.7535  457.2167  0.10000  0.10000
   0       74  758.2178  456.2724  0.10000  0.10000
   0       75 1512.4194  454.8595  0.10000  0.10000
   0       76  907.3967  454.6323  0.10000  0.10000
   0       77 1361.6033  453.7812  0.10000  0.10000
   0       78 1209.8759  453.5157  0.10000  0.10000
   0       79 1058.2089  453.3440  0.10000  0.10000
   0       80  497.5415  366.5497  0.10000  0.10000
   0     1004  635.6057  362.5516  0.10000  0.10000
   0       81 1783.1065  362.0649  0.10000  0.10000
   0     1003 1641.6407  360.4757  0.10000  0.10000
   0       82  776.5702  361.0723  0.10000  0.10000
   0       83 1498.4564  359.0714  0.10000  0.10000
   0       84 1354.0694  358.1599  0.10000  0.10000
   0       85 1208.7526  357.6902  0.10000  0.10000
   0       86  919.2193  358.0043  0.10000  0.10000
   0       87 1063.6262  356.5845  0.10000  0.10000
   0       88  525.2250  279.7664  0.10000  0.10000
   0       89  658.3035  276.3722  0.10000  0.10000
   0       90 1758.8551  274.3339  0.10000  0.10000
   0       91  793.3730  273.5425  0.10000  0.10000
   0       92 1622.8272  272.4571  0.10000  0.10000
   0       93  930.5242  271.4949  0.10000  0.10000
   0       94 1485.4209  271.0819  0.10000  0.10000
   0       95 1346.9305  270.5112  0.10000  0.10000
   0       96 1068.8293  270.3444  0.10000  0.10000
   0       97 1207.8107  269.9316  0.10000  0.10000
   1        8  674.8753 1655.9416  0.10000  0.10000
   1       17  826.2849 1623.7844  0.10000  0.10000
   1       25  964.9566 1593.0643  0.10000  0.10000
   1       30 1092.0962 1563.8839  0.10000  0.10000
   1       42 1212.1207 1537.2838  0.10000  0.10000
   1       50 1317.6901 1510.3732  0.10000  0.10000
   1       61 1417.1903 1485.9204  0.10000  0.10000
   1        6  671.4747 1482.3483  0.10000  0.10000
   1       71 1508.5368 1462.7289  0.10000  0.10000
   1     1001  823.1854 1457.4089  0.10000  0.10000
   1       81 1594.2804 1441.2207  0.10000  0.10000
   1       23  963.5806 1433.8101  0.10000  0.10000
   1       90 1672.1291 1420.7033  0.10000  0.10000
   1       31 1092.1789 1411.1942  0.10000  0.10000
   1       45 1211.9392 1389.9721  0.10000  0.10000
   1       51 1318.4409 1369.1128  0.10000  0.10000
   1       62 1418.0606 1349.7746  0.10000  0.10000
   1       73 1509.8302 1331.7012  0.10000  0.10000
   1     1003 1594.8842 1314.6596  0.10000  0.10000
   1        4  668.6146 1305.8921  0.10000  0.10000
   1       92 1672.9755 1298.5880  0.10000  0.10000
   1       14  821.2664 1288.3565  0.10000  0.10000
   1       21  961.9533 1271.6134  0.10000  0.10000
   1       32 1091.7636 1255.6181  0.10000  0.10000
   1       40 1210.2507 1240.2917  0.10000  0.10000
   1       54 1319.8442 1225.7861  0.10000  0.10000
   1       64 1418.7114 1211.9634  0.10000  0.10000
   1       75 1511.1652 1199.0308  0.10000  0.10000
   1       83 1595.3231 1186.8451  0.10000  0.10000
   1       94 1673.3702 1175.4192  0.10000  0.10000
   1        2  666.5835 1126.8071  0.10000  0.10000
   1       12  820.1139 1116.8937  0.10000  0.10000
   1       20  961.2762 1107.2659  0.10000  0.10000
   1       33 1090.8390 1098.0416  0.10000  0.10000
   1       41 1210.1113 1089.2768  0.10000  0.10000
   1       55 1318.7977 1080.7644  0.10000  0.10000
   1       65 1418.6078 1072.8247  0.10000  0.10000
   1       77 1511.3157 1065.2898  0.10000  0.10000
   1       84 1595.3404 1058.1855  0.10000  0.10000
   1       95 1673.0842 1051.5107  0.10000  0.10000
   1        3  666.2779  946.1997  0.10000  0.10000
   1       13  819.6339  943.9531  0.10000  0.10000
   1       22  960.8613  941.6715  0.10000  0.10000
   1       34 1090.5002  939.3678  0.10000  0.10000
   1       43 1210.2956  937.0633  0.10000  0.10000
   1       56 1318.5834  934.9340  0.10000  0.10000
   1       67 1418.6482  932.8882  0.10000  0.10000
   1       78 1510.8387  930.8118  0.10000  0.10000
   1       85 1595.0295  928.8838  0.10000  0.10000
   1       97 1672.8962  927.0717  0.10000  0.10000
   1       96 1671.8993  802.8152  0.10000  0.10000
   1       87 1595.3598  799.6619  0.10000  0.10000
   1       79 1510.2532  796.4245  0.10000  0.10000
   1       69 1419.0665  792.8038  0.10000  0.10000
   1       59 1319.9621  788.8653  0.10000  0.10000
   1       49 1211.7299  784.6642  0.10000  0.10000
   1       36 1092.5809  780.3003  0.10000  0.10000
   1       24  962.0102  775.7132  0.10000  0.10000
   1       15  820.4935  770.6564  0.10000  0.10000
   1        5  667.1749  765.1944  0.10000  0.10000
   1       93 1670.3138  678.9176  0.10000  0.10000
   1       86 1593.4526  670.8953  0.10000  0.10000
   1       76 1508.4489  662.5975  0.10000  0.10000
   1       68 1416.7062  653.5870  0.10000  0.10000
   1       58 1317.8030  643.7749  0.10000  0.10000
   1       47 1209.8791  633.3530  0.10000  0.10000
   1       37 1091.5312  622.4130  0.10000  0.10000
   1       26  962.4814  610.7405  0.10000  0.10000
   1       16  821.0840  598.6993  0.10000  0.10000
   1        7  668.6011  585.6926  0.10000  0.10000
   1       91 1667.8809  555.8550  0.10000  0.10000
   1       82 1590.1263  543.4022  0.10000  0.10000
   1       74 1506.4030  529.8045  0.10000  0.10000
   1       66 1414.8354  515.5623  0.10000  0.10000
   1       57 1315.7112  500.2271  0.10000  0.10000
   1       44 1207.8249  483.8555  0.10000  0.10000
   1       35 1090.0176  466.5866  0.10000  0.10000
   1       27  961.8946  448.3214  0.10000  0.10000
   1       89 1664.8569  434.2462  0.10000  0.10000
   1       18  822.5800  428.9426  0.10000  0.10000
   1     1004 1588.2811  417.0251  0.10000  0.10000
   1        9  671.3576  408.5336  0.10000  0.10000
   1       72 1504.3877  398.7569  0.10000  0.10000
   1       63 1412.6766  379.4268  0.10000  0.10000
   1       53 1314.2079  358.6667  0.10000  0.10000
   1       46 1207.1086  336.5507  0.10000  0.10000
   1       88 1661.2624  314.3351  0.10000  0.10000
   1       38 1089.0767  313.5967  0.10000  0.10000
   1       80 1584.0763  292.9147  0.10000  0.10000
   1       28  962.5202  288.8800  0.10000  0.10000
   1       70 1500.9652  270.0433  0.10000  0.10000
   1     1002  825.0757  262.5869  0.10000  0.10000
   1       60 1409.8541  245.8519  0.10000  0.10000
   1       10  674.0655  235.6502  0.10000  0.10000
   1       52 1312.5301  219.8375  0.10000  0.10000
   1       48 1206.9653  192.0649  0.10000  0.10000
   1       39 1091.1516  163.0256  0.10000  0.10000
   1       29  963.2267  133.4148  0.10000  0.10000
   1       19  826.6706  100.9158  0.10000  0.10000
   1       11  678.7676   66.3951  0.10000  0.10000
   2        8 1088.3676 1570.9448  0.10000  0.10000
   2        6  954.5825 1438.4888  0.10000  0.10000
   2       17 1231.8811 1437.9110  0.10000  0.10000
   2     1001 1096.8101 1314.4172  0.10000  0.10000
   2        4  830.5227 1313.6101  0.10000  0.10000
   2       25 1367.1387 1311.3117  0.10000  0.10000
   2       14  970.8691 1197.3100  0.10000  0.10000
   2        2  716.2647 1196.7890  0.10000  0.10000
   2       23 1231.5088 1195.0532  0.10000  0.10000
   2       30 1493.7498 1191.4623  0.10000  0.10000
   2       12  854.0219 1087.2037  0.10000  0.10000
   2        3  610.8066 1087.0752  0.10000  0.10000
   2       21 1104.4260 1085.6446  0.10000  0.10000
   2       31 1358.4339 1081.9376  0.10000  0.10000
   2       42 1612.1172 1075.3941  0.10000  0.10000
   2        5  513.9943  984.9701  0.10000  0.10000
   2       13  746.0024  984.3705  0.10000  0.10000
   2       20  985.8528  982.3911  0.10000  0.10000
   2       32 1230.8939  978.9590  0.10000  0.10000
   2       45 1477.3572  973.4937  0.10000  0.10000
   2       50 1720.9456  970.9849  0.10000  0.10000
   2        7  425.5784  891.1588  0.10000  0.10000
   2       15  646.2109  888.0767  0.10000  0.10000
   2       22  875.7326  885.9409  0.10000  0.10000
   2       33 1111.3353  882.7877  0.10000  0.10000
   2       40 1349.9108  878.8286  0.10000  0.10000
   2       51 1587.7928  875.1538  0.10000  0.10000
   2       61 1822.1404  871.0333  0.10000  0.10000
   2        9  344.1180  803.6104  0.10000  0.10000
   2       16  554.8461  799.8203  0.10000  0.10000
   2       24  773.4423  794.8352  0.10000  0.10000
   2       34  999.7328  792.2995  0.10000  0.10000
   2       41 1230.0566  788.2052  0.10000  0.10000
   2       54 1461.4036  783.6927  0.10000  0.10000
   2       62 1690.5339  781.3407  0.10000  0.10000
   2       71 1915.8819  778.0768  0.10000  0.10000
   2       10  269.6482  723.5235  0.10000  0.10000
   2       18  470.4281  717.5203  0.10000  0.10000
   2       26  679.2048  711.2873  0.10000  0.10000
   2       36  895.4357  705.5247  0.10000  0.10000
   2       43 1117.4560  702.7880  0.10000  0.10000
   2       55 1341.7265  699.8355  0.10000  0.10000
   2       64 1565.3545  696.4590  0.10000  0.10000
   2       73 1786.1342  693.6569  0.10000  0.10000
   2       81 2003.3195  689.8042  0.10000  0.10000
   2       11  199.9489  647.5773  0.10000  0.10000
   2     1002  392.3871  640.7924  0.10000  0.10000
   2       27  592.4159  635.0937  0.10000  0.10000
   2       37  799.2628  628.0204  0.10000  0.10000
   2       49 1012.0478  621.5900  0.10000  0.10000
   2       56 1228.9909  620.1121  0.10000  0.10000
   2       65 1446.4768  616.9337  0.10000  0.10000
   2       75 1662.4605  613.3163  0.10000  0.10000
   2     1003 1875.1542  611.3214  0.10000  0.10000
   2       90 2084.4036  608.8637  0.10000  0.10000
   2       19  320.7993  570.8962  0.10000  0.10000
   2       28  511.9219  563.4314  0.10000  0.10000
   2       35  710.0647  556.5115  0.10000  0.10000
   2       47  914.2751  549.1863  0.10000  0.10000
   2       59 1123.0200  543.6098  0.10000  0.10000
   2       67 1334.0003  541.7335  0.10000  0.10000
   2       77 1544.6297  538.3579  0.10000  0.10000
   2       83 1752.8452  536.6409  0.10000  0.10000
   2       92 1957.9327  534.7292  0.10000  0.10000
   2       29  437.3711  497.0990  0.10000  0.10000
   2       38  627.2877  489.5498  0.10000  0.10000
   2       44  823.0711  481.7944  0.10000  0.10000
   2       58 1024.0022  475.4438  0.10000  0.10000
   2       69 1227.9111  470.4362  0.10000  0.10000
   2       78 1432.7347  468.0301  0.10000  0.10000
   2       84 1636.3559  466.2055  0.10000  0.10000
   2       94 1837.2785  464.5211  0.10000  0.10000
   2       39  549.4150  424.2163  0.10000  0.10000
   2       46  737.8714  417.6323  0.10000  0.10000
   2       57  931.3147  411.5563  0.10000  0.10000
   2       68 1128.2466  406.1849  0.10000  0.10000
   2       79 1326.9635  401.6591  0.10000  0.10000
   2       85 1525.3618  399.6046  0.10000  0.10000
   2       95 1722.1543  398.3698  0.10000  0.10000
   2       48  658.4188  357.2211  0.10000  0.10000
   2       53  844.5819  351.1385  0.10000  0.10000
   2       66 1034.4756  345.2406  0.10000  0.10000
   2       76 1226.9507  340.2488  0.10000  0.10000
   2       87 1420.1971  335.8637  0.10000  0.10000
   2       97 1612.3190  335.2411  0.10000  0.10000
   2       52  763.5109  294.7242  0.10000  0.10000
   2       63  946.5661  288.3475  0.10000  0.10000
   2       74 1132.6669  282.5293  0.10000  0.10000
   2       86 1320.3521  277.7146  0.10000  0.10000
   2       96 1507.8644  276.2211  0.10000  0.10000
   2       60  864.1179  235.4604  0.10000  0.10000
   2       72 1043.9519  228.0984  0.10000  0.10000
   2       82 1225.8913  224.1621  0.10000  0.10000
   2       93 1408.5308  220.6584  0.10000  0.10000
   2       70  960.4919  178.3155  0.10000  0.10000
   2     1004 1136.7921  172.0244  0.10000  0.10000
   2       91 1314.2073  168.7311  0.10000  0.10000
   2       80 1052.5788  125.1771  0.10000  0.10000
   2       89 1224.9400  120.1542  0.10000  0.10000
   2       88 1140.4682   74.7817  0.10000  0.10000
   3       92 1268.2429 1678.9824  0.10000  0.10000
   3       71 1030.3011 1628.2141  0.10000  0.10000
   3     1003 1196.1840 1595.2398  0.10000  0.10000
   3       94 1342.5843 1564.2244  0.10000  0.10000
   3       61  942.8675 1533.0721  0.10000  0.10000
   3       73 1118.7575 1505.2398  0.10000  0.10000
   3       83 1274.9148 1479.1463  0.10000  0.10000
   3       95 1412.7991 1454.6409  0.10000  0.10000
   3       50  849.1520 1430.3699  0.10000  0.10000
   3       62 1036.5917 1408.5447  0.10000  0.10000
   3       75 1203.1240 1387.9702  0.10000  0.10000
   3       84 1349.4233 1368.3347  0.10000  0.10000
   3       97 1479.9047 1350.0327  0.10000  0.10000
   3       42  751.5507 1320.2978  0.10000  0.10000
   3       51  948.8769 1304.6765  0.10000  0.10000
   3       64 1125.4224 1290.0130  0.10000  0.10000
   3       77 1282.0914 1276.1775  0.10000  0.10000
   3       85 1420.0127 1262.7547  0.10000  0.10000
   3       96 1542.9812 1250.4112  0.10000  0.10000
   3       30  643.2629 1200.3937  0.10000  0.10000
   3       45  857.2774 1193.2448  0.10000  0.10000
   3       54 1044.1603 1185.4191  0.10000  0.10000
   3       65 1208.9198 1177.4595  0.10000  0.10000
   3       78 1356.4604 1169.8851  0.10000  0.10000
   3       87 1487.7233 1162.6470  0.10000  0.10000
   3       93 1602.4274 1155.5791  0.10000  0.10000
   3      318   53.6673 1100.9853  0.00000  0.00000
   3      319   23.0824 1068.4061  0.00000  0.00000
   3       55 1131.9480 1072.1637  0.10000  0.10000
   3       40  955.7798 1073.0581  0.10000  0.10000
   3       79 1426.8044 1069.2003  0.10000  0.10000
   3       67 1288.0797 1070.7530  0.10000  0.10000
   3       31  756.4352 1073.2430  0.10000  0.10000
   3       86 1549.8304 1067.4150  0.10000  0.10000
   3       91 1658.1214 1065.3652  0.10000  0.10000
   3       25  531.7992 1072.4820  0.10000  0.10000
   3       89 1710.3271  979.8810  0.10000  0.10000
   3       82 1607.2739  977.1622  0.10000  0.10000
   3       76 1492.1705  973.9818  0.10000  0.10000
   3       69 1363.3527  970.0564  0.10000  0.10000
   3       56 1215.5928  965.4218  0.10000  0.10000
   3       41 1050.1642  960.0409  0.10000  0.10000
   3       32  863.0228  953.3238  0.10000  0.10000
   3       23  651.6234  945.2603  0.10000  0.10000
   3       17  414.2572  935.7003  0.10000  0.10000
   3       88 1759.2626  899.0250  0.10000  0.10000
   3     1004 1663.0097  891.9939  0.10000  0.10000
   3       74 1553.7833  883.9549  0.10000  0.10000
   3       68 1431.4353  875.1269  0.10000  0.10000
   3       59 1295.9348  865.0235  0.10000  0.10000
   3       43 1139.3440  853.6017  0.10000  0.10000
   3       33  962.8293  840.6999  0.10000  0.10000
   3       21  764.4395  825.9964  0.10000  0.10000
   3       80 1713.4328  811.2894  0.10000  0.10000
   3     1001  541.1743  809.3490  0.10000  0.10000
   3       72 1611.8087  799.2103  0.10000  0.10000
   3       66 1496.2149  785.7596  0.10000  0.10000
   3        8  290.6419  790.4740  0.10000  0.10000
   3       58 1367.9543  770.8754  0.10000  0.10000
   3       49 1224.2778  753.8660  0.10000  0.10000
   3       34 1056.8903  735.3225  0.10000  0.10000
   3       70 1665.1655  719.3318  0.10000  0.10000
   3       20  871.0801  714.5606  0.10000  0.10000
   3       63 1556.8607  701.8504  0.10000  0.10000
   3       14  661.4663  691.4445  0.10000  0.10000
   3       57 1435.5949  682.5714  0.10000  0.10000
   3       47 1300.4221  660.9508  0.10000  0.10000
   3        6  426.5089  665.6899  0.10000  0.10000
   3       36 1147.2711  636.8523  0.10000  0.10000
   3       60 1613.1915  623.0785  0.10000  0.10000
   3       22  970.9266  610.7656  0.10000  0.10000
   3       53 1499.6125  599.9006  0.10000  0.10000
   3       12  774.7449  581.8486  0.10000  0.10000
   3       44 1371.4492  574.1701  0.10000  0.10000
   3       37 1228.3220  545.6850  0.10000  0.10000
   3        4  554.3998  549.8670  0.10000  0.10000
   3       52 1559.3873  522.5234  0.10000  0.10000
   3       24 1065.4218  514.3180  0.10000  0.10000
   3       46 1439.0939  493.1226  0.10000  0.10000
   3       13  880.7445  480.3192  0.10000  0.10000
   3       35 1303.3314  460.9655  0.10000  0.10000
   3        2  674.1456  442.9694  0.10000  0.10000
   3       26 1152.3094  425.1975  0.10000  0.10000
   3       48 1502.7376  417.5206  0.10000  0.10000
   3       15  980.1985  386.3676  0.10000  0.10000
   3       38 1373.6477  382.3212  0.10000  0.10000
   3       27 1231.7756  342.9621  0.10000  0.10000
   3        3  786.7271  344.1512  0.10000  0.10000
   3       39 1442.0263  308.4583  0.10000  0.10000
   3       16 1071.5342  300.1912  0.10000  0.10000
   3       28 1306.5662  266.7231  0.10000  0.10000
   3        5  891.7058  253.2642  0.10000  0.10000
   3       18 1156.8406  220.4928  0.10000  0.10000
   3       29 1375.8295  196.0703  0.10000  0.10000
   3        7  988.4010  170.2310  0.10000  0.10000
   3     1002 1236.4396  146.8528  0.10000  0.10000
   3        9 1078.6537   93.5783  0.10000  0.10000
   3       19 1309.0328   79.2073  0.10000  0.10000
   3       10 1161.3232   23.5280  0.10000  0.10000
   4       71 1706.9391 1404.2815  0.10000  0.10000
   4       61 1482.4498 1403.6429  0.10000  0.10000
   4       90 2149.9919 1402.0343  0.10000  0.10000
   4       81 1929.7138 1402.4709  0.10000  0.10000
   4       50 1256.6321 1401.2949  0.10000  0.10000
   4       42 1031.7337 1394.6803  0.10000  0.10000
   4       30  811.6768 1389.9522  0.10000  0.10000
   4       25  596.9389 1380.9018  0.10000  0.10000
   4       17  389.5772 1371.1960  0.10000  0.10000
   4        8  189.7586 1361.9903  0.10000  0.10000
   4       73 1689.5308 1201.0504  0.10000  0.10000
   4       92 2109.5715 1199.8386  0.10000  0.10000
   4     1003 1901.0891 1200.4238  0.10000  0.10000
   4       62 1475.3779 1200.2449  0.10000  0.10000
   4       51 1259.8110 1198.2209  0.10000  0.10000
   4       45 1045.0117 1193.0377  0.10000  0.10000
   4       31  834.1718 1190.0507  0.10000  0.10000
   4       23  628.6883 1184.2873  0.10000  0.10000
   4     1001  430.7777 1178.3915  0.10000  0.10000
   4        6  239.5127 1171.3794  0.10000  0.10000
   4       94 2072.2109 1015.8728  0.10000  0.10000
   4       83 1873.9028 1015.4987  0.10000  0.10000
   4       75 1672.5859 1014.4240  0.10000  0.10000
   4       64 1468.0580 1013.8504  0.10000  0.10000
   4       54 1262.4929 1011.1599  0.10000  0.10000
   4       40 1057.5827 1009.7039  0.10000  0.10000
   4       32  855.7920 1006.7818  0.10000  0.10000
   4       21  659.3149 1004.0052  0.10000  0.10000
   4       14  469.2908 1000.5716  0.10000  0.10000
   4        4  286.0341  996.5110  0.10000  0.10000
   4       95 2036.9277  848.5719  0.10000  0.10000
   4       84 1847.8635  846.8933  0.10000  0.10000
   4       77 1655.7174  844.7818  0.10000  0.10000
   4       65 1460.6120  844.0768  0.10000  0.10000
   4       55 1264.6140  842.4013  0.10000  0.10000
   4       41 1069.0683  840.6870  0.10000  0.10000
   4       33  876.4823  839.6918  0.10000  0.10000
   4       20  688.2084  838.3957  0.10000  0.10000
   4       12  505.9080  837.2380  0.10000  0.10000
   4        2  330.0569  836.2926  0.10000  0.10000
   4       97 2003.7893  695.1306  0.10000  0.10000
   4       85 1822.8873  692.8129  0.10000  0.10000
   4       78 1639.1765  690.4138  0.10000  0.10000
   4        3  371.1777  688.6453  0.10000  0.10000
   4       67 1453.0994  688.9502  0.10000  0.10000
   4       13  540.6057  687.8707  0.10000  0.10000
   4       56 1266.1794  687.7336  0.10000  0.10000
   4       22  715.4564  687.1310  0.10000  0.10000
   4       34  895.6191  686.8803  0.10000  0.10000
   4       43 1079.6845  686.1515  0.10000  0.10000
   4       96 1972.4259  555.6192  0.10000  0.10000
   4        5  410.1786  553.3392  0.10000  0.10000
   4       87 1799.5822  551.3106  0.10000  0.10000
   4       15  573.0807  550.6150  0.10000  0.10000
   4       79 1623.5078  549.6039  0.10000  0.10000
   4       24  740.8439  547.8717  0.10000  0.10000
   4       69 1445.9670  546.8787  0.10000  0.10000
   4       36  913.1713  545.1384  0.10000  0.10000
   4       59 1267.4582  545.0157  0.10000  0.10000
   4       49 1089.2513  543.9902  0.10000  0.10000
   4        7  447.2407  430.6341  0.10000  0.10000
   4       93 1942.8240  428.1707  0.10000  0.10000
   4       16  604.0751  426.8964  0.10000  0.10000
   4       86 1776.8625  424.1067  0.10000  0.10000
   4       76 1608.3574  422.3663  0.10000  0.10000
   4       26  764.9680  422.3233  0.10000  0.10000
   4       68 1438.6096  420.7633  0.10000  0.10000
   4       37  930.1871  419.9556  0.10000  0.10000
   4       58 1268.3577  419.0587  0.10000  0.10000
   4       47 1098.4126  418.5991  0.10000  0.10000
   4        9  482.0227  317.7184  0.10000  0.10000
   4       18  633.0659  313.2852  0.10000  0.10000
   4       91 1914.9326  312.0068  0.10000  0.10000
   4       27  787.7307  309.4418  0.10000  0.10000
   4       82 1755.2634  309.1102  0.10000  0.10000
   4       35  945.9714  306.5107  0.10000  0.10000
   4       74 1594.2353  306.1743  0.10000  0.10000
   4       66 1431.7619  304.8087  0.10000  0.10000
   4       57 1269.0377  304.1560  0.10000  0.10000
   4       44 1106.6692  304.4892  0.10000  0.10000
   4       10  514.8508  215.4855  0.10000  0.10000
   4     1002  659.9688  208.9749  0.10000  0.10000
   4       89 1888.9250  205.8930  0.10000  0.10000
   4       28  808.8369  205.4286  0.10000  0.10000
   4       38  960.5330  202.5689  0.10000  0.10000
   4     1004 1735.8000  202.0153  0.10000  0.10000
   4       72 1581.1404  199.6815  0.10000  0.10000
   4       63 1425.4160  199.0600  0.10000  0.10000
   4       53 1269.6813  198.4461  0.10000  0.10000
   4       46 1114.3286  198.9235  0.10000  0.10000
   4       11  544.8392  119.8353  0.10000  0.10000
   4       19  685.2890  115.0302  0.10000  0.10000
   4       29  828.2468  110.4541  0.10000  0.10000
   4       88 1864.6231  108.5819  0.10000  0.10000
   4       80 1716.9555  105.8210  0.10000  0.10000
   4       39  973.5853  104.1331  0.10000  0.10000
   4       70 1568.5492  103.3157  0.10000  0.10000
   4       60 1419.3083  102.6931  0.10000  0.10000
   4       52 1270.1350  101.7829  0.10000  0.10000
   4       48 1121.3018  101.7501  0.10000  0.10000
   5       97 1283.5809 1652.6037  0.10000  0.10000
   5       96 1417.1082 1621.4345  0.10000  0.10000
   5       93 1539.7628 1592.0028  0.10000  0.10000
   5       81  615.1470 1591.1505  0.10000  0.10000
   5       91 1652.0042 1564.0544  0.10000  0.10000
   5     1003  804.8048 1561.8844  0.10000  0.10000
   5       89 1755.0500 1538.0092  0.10000  0.10000
   5       83  979.3579 1533.9133  0.10000  0.10000
   5       88 1849.9301 1513.4529  0.10000  0.10000
   5       84 1139.4181 1507.0651  0.10000  0.10000
   5       85 1286.3654 1481.3028  0.10000  0.10000
   5       87 1422.0542 1457.3513  0.10000  0.10000
   5       86 1544.6097 1433.9423  0.10000  0.10000
   5       82 1655.9138 1411.6240  0.10000  0.10000
   5     1004 1760.1241 1391.3993  0.10000  0.10000
   5       71  611.9537 1382.4777  0.10000  0.10000
   5       80 1854.0028 1371.8763  0.10000  0.10000
   5       73  803.4462 1362.9194  0.10000  0.10000
   5       75  980.2026 1343.8147  0.10000  0.10000
   5       77 1141.5994 1324.9521  0.10000  0.10000
   5       78 1289.1474 1306.7111  0.10000  0.10000
   5       79 1424.4122 1289.3393  0.10000  0.10000
   5       76 1547.2005 1272.7180  0.10000  0.10000
   5       74 1659.8999 1257.1797  0.10000  0.10000
   5       72 1763.6216 1242.6549  0.10000  0.10000
   5       70 1857.7931 1228.8792  0.10000  0.10000
   5       61  610.9644 1170.7949  0.10000  0.10000
   5       62  803.3174 1160.2555  0.10000  0.10000
   5       64  980.4544 1149.6050  0.10000  0.10000
   5       65 1142.3298 1139.1811  0.10000  0.10000
   5       67 1290.9756 1128.8397  0.10000  0.10000
   5       69 1427.7074 1119.3412  0.10000  0.10000
   5       68 1549.6209 1109.6596  0.10000  0.10000
   5       66 1662.2237 1100.7967  0.10000  0.10000
   5       63 1765.4020 1092.3532  0.10000  0.10000
   5       60 1859.7199 1084.5206  0.10000  0.10000
   5       51  804.1245  954.9867  0.10000  0.10000
   5       50  611.2105  956.4307  0.10000  0.10000
   5       54  982.4803  953.4545  0.10000  0.10000
   5       55 1143.9134  951.4868  0.10000  0.10000
   5       56 1292.4691  949.5241  0.10000  0.10000
   5       59 1430.0460  947.5255  0.10000  0.10000
   5       58 1552.0244  945.5050  0.10000  0.10000
   5       57 1663.8565  943.4240  0.10000  0.10000
   5       53 1767.1175  941.5953  0.10000  0.10000
   5       52 1861.8955  939.8270  0.10000  0.10000
   5       48 1863.1720  794.7347  0.10000  0.10000
   5       46 1767.8294  790.4958  0.10000  0.10000
   5       44 1664.4994  785.8206  0.10000  0.10000
   5       47 1553.2771  780.8219  0.10000  0.10000
   5       49 1431.5791  775.3421  0.10000  0.10000
   5       43 1294.1814  769.6006  0.10000  0.10000
   5       41 1145.3316  763.1932  0.10000  0.10000
   5       40  983.1383  756.4987  0.10000  0.10000
   5       45  807.6407  749.1314  0.10000  0.10000
   5       42  615.3309  741.4043  0.10000  0.10000
   5       39 1862.1407  650.2337  0.10000  0.10000
   5       38 1765.3636  640.2456  0.10000  0.10000
   5       35 1663.4756  628.9832  0.10000  0.10000
   5       37 1552.7079  616.9810  0.10000  0.10000
   5       36 1430.9460  604.1029  0.10000  0.10000
   5       34 1293.5036  590.8284  0.10000  0.10000
   5       33 1145.8658  576.4937  0.10000  0.10000
   5       32  984.9414  561.1630  0.10000  0.10000
   5       31  808.8353  545.1670  0.10000  0.10000
   5       30  617.2725  528.8515  0.10000  0.10000
   5       29 1857.1660  507.3149  0.10000  0.10000
   5       28 1763.6698  491.2705  0.10000  0.10000
   5       27 1661.5107  473.8473  0.10000  0.10000
   5       26 1551.0227  455.1793  0.10000  0.10000
   5       24 1428.6075  435.4336  0.10000  0.10000
   5       22 1293.1787  414.8173  0.10000  0.10000
   5       20 1146.5439  392.7680  0.10000  0.10000
   5       19 1853.9495  366.1155  0.10000  0.10000
   5       21  986.3625  369.4750  0.10000  0.10000
   5     1002 1761.1662  344.3868  0.10000  0.10000
   5       23  812.4642  345.0481  0.10000  0.10000
   5       18 1658.5668  321.3220  0.10000  0.10000
   5       25  623.2232  319.8020  0.10000  0.10000
   5       16 1547.1679  296.6144  0.10000  0.10000
   5       15 1426.1586  270.2743  0.10000  0.10000
   5       13 1292.3135  242.7394  0.10000  0.10000
   5       11 1850.4265  226.7152  0.10000  0.10000
   5       12 1146.9646  213.5151  0.10000  0.10000
   5       10 1755.7801  200.3043  0.10000  0.10000
   5       14  988.4437  182.7605  0.10000  0.10000
   5        9 1655.0577  171.5885  0.10000  0.10000
   5     1001  816.1388  150.5084  0.10000  0.10000
   5        7 1544.0241  141.1627  0.10000  0.10000
   5       17  629.9163  116.3978  0.10000  0.10000
   5        5 1423.6756  108.7658  0.10000  0.10000
   5        3 1291.3006   74.9185  0.10000  0.10000
   5        2 1147.1017   39.2533  0.10000  0.10000

   1    1        2 
   2    1        3 
   3    1        4 
   4    1        5 
   5    1        6 
   6    1        7 
   7    1        8 
   8    1        9 
   9    1       10 
  10    1       11 
  11    1       12 
  12    1       13 
  13    1       14 
  14    1       15 
  15    1     1001 
  16    1       16 
  17    1       17 
  18    1       18 
  19    1     1002 
  20    1       19 
  21    1       20 
  22    1       21 
  23    1       22 
  24    1       23 
  25    1       24 
  26    1       25 
  27    1       26 
  28    1       27 
  29    1       28 
  30    1       29 
  31    1       30 
  32    1       31 
  33    1       32 
  34    1       33 
  35    1       34 
  36    1       35 
  37    1       36 
  38    1       37 
  39    1       38 
  40    1       39 
  41    1       40 
  42    1       41 
  43    1       42 
  44    1       43 
  45    1       44 
  46    1       45 
  47    1       46 
  48    1       47 
  49    1       48 
  50    1       49 
  51    1       50 
  52    1       51 
  53    1       52 
  54    1       53 
  55    1       54 
  56    1       55 
  57    1       56 
  58    1       57 
  59    1       58 
  60    1       59 
  61    1       60 
  62    1       61 
  63    1       62 
  64    1       63 
  65    1       64 
  66    1       65 
  67    1       66 
  68    1       67 
  69    1       68 
  70    1       69 
  71    1       70 
  72    1       71 
  73    1       72 
  74    1       73 
  75    1       74 
  76    1       75 
  77    1       76 
  78    1       77 
  79    1       78 
  80    1       79 
  81    1       80 
  82    1     1004 
  83    1       81 
  84    1     1003 
  85    1       82 
  86    1       83 
  87    1       84 
  88    1       85 
  89    1       86 
  90    1       87 
  91    1       88 
  92    1       89 
  93    1       90 
  94    1       91 
  95    1       92 
  96    1       93 
  97    1       94 
  98    1       95 
  99    1       96 
 100    1       97 
 101    1      318 
 102    1      319 

   0    1
   0    2
   0    3
   0    4
   0    5
   0    6
   0    7
   0    8
   0    9
   0   10
   0   11
   0   12
   0   13
   0   14
   0   15
   0   16
   0   17
   0   18
   0   19
   0   20
   0   21
   0   22
   0   23
   0   24
   0   25
   0   26
   0   27
   0   28
   0   29
   0   30
   0   31
   0   32
   0   33
   0   34
   0   35
   0   36
   0   37
   0   38
   0   39
   0   40
   0   41
   0   42
   0   43
   0   44
   0   45
   0   46
   0   47
   0   48
   0   49
   0   50
   0   51
   0   52
   0   53
   0   54
   0   55
   0   56
   0   57
   0   58
   0   59
   0   60
   0   61
   0   62
   0   63
   0   64
   0   65
   0   66
   0   67
   0   68
   0   69
   0   70
   0   71
   0   72
   0   73
   0   74
   0   75
   0   76
   0   77
   0   78
   0   79
   0   80
   0   81
   0   82
   0   83
   0   84
   0   85
   0   86
   0   87
   0   88
   0   89
   0   90
   0   91
   0   92
   0   93
   0   94
   0   95
   0   96
   0   97
   0   98
   0   99
   0  100
   1    1
   1    2
   1    3
   1    4
   1    5
   1    6
   1    7
   1    8
   1    9
   1   10
   1   11
   1   12
   1   13
   1   14
   1   15
   1   16
   1   17
   1   18
   1   19
   1   20
   1   21
   1   22
   1   23
   1   24
   1   25
   1   26
   1   27
   1   28
   1   29
   1   30
   1   31
   1   32
   1   33
   1   34
   1   35
   1   36
   1   37
   1   38
   1   39
   1   40
   1   41
   1   42
   1   43
   1   44
   1   45
   1   46
   1   47
   1   48
   1   49
   1   50
   1   51
   1   52
   1   53
   1   54
   1   55
   1   56
   1   57
   1   58
   1   59
   1   60
   1   61
   1   62
   1   63
   1   64
   1   65
   1   66
   1   67
   1   68
   1   69
   1   70
   1   71
   1   72
   1   73
   1   74
   1   75
   1   76
   1   77
   1   78
   1   79
   1   80
   1   81
   1   82
   1   83
   1   84
   1   85
   1   86
   1   87
   1   88
   1   89
   1   90
   1   91
   1   92
   1   93
   1   94
   1   95
   1   96
   1   97
   1   98
   1   99
   1  100
   2    1
   2    2
   2    3
   2    4
   2    5
   2    6
   2    7
   2    8
   2    9
   2   10
   2   11
   2   12
   2   13
   2   14
   2   15
   2   16
   2   17
   2   18
   2   19
   2   20
   2   21
   2   22
   2   23
   2   24
   2   25
   2   26
   2   27
   2   28
   2   29
   2   30
   2   31
   2   32
   2   33
   2   34
   2   35
   2   36
   2   37
   2   38
   2   39
   2   40
   2   41
   2   42
   2   43
   2   44
   2   45
   2   46
   2   47
   2   48
   2   49
   2   50
   2   51
   2   52
   2   53
   2   54
   2   55
   2   56
   2   57
   2   58
   2   59
   2   60
   2   61
   2   62
   2   63
   2   64
   2   65
   2   66
   2   67
   2   68
   2   69
   2   70
   2   71
   2   72
   2   73
   2   74
   2   75
   2   76
   2   77
   2   78
   2   79
   2   80
   2   81
   2   82
   2   83
   2   84
   2   85
   2   86
   2   87
   2   88
   2   89
   2   90
   2   91
   2   92
   2   93
   2   94
   2   95
   2   96
   2   97
   2   98
   2   99
   2  100
   3    1
   3    2
   3    3
   3    4
   3    5
   3    6
   3    7
   3    8
   3    9
   3   11
   3   12
   3   13
   3   14
   3   15
   3   16
   3   17
   3   18
   3   19
   3   20
   3   21
   3   22
   3   23
   3   24
   3   25
   3   26
   3   27
   3   28
   3   29
   3   30
   3   31
   3   32
   3   33
   3   34
   3   35
   3   36
   3   37
   3   38
   3   39
   3   40
   3   41
   3   42
   3   43
   3   44
   3   45
   3   46
   3   47
   3   48
   3   49
   3   50
   3   51
   3   52
   3   53
   3   54
   3   55
   3   56
   3   57
   3   58
   3   59
   3   60
   3   61
   3   62
   3   63
   3   64
   3   65
   3   66
   3   67
   3   68
   3   69
   3   70
   3   71
   3   72
   3   73
   3   74
   3   75
   3   76
   3   77
   3   78
   3   79
   3   80
   3   81
   3   82
   3   84
   3   85
   3   86
   3   87
   3   88
   3   89
   3   90
   3   91
   3   92
   3   94
   3   95
   3   96
   3   97
   3   98
   3   99
   3  100
   3  101
   3  102
   4    1
   4    2
   4    3
   4    4
   4    5
   4    6
   4    7
   4    8
   4    9
   4   10
   4   11
   4   12
   4   13
   4   14
   4   15
   4   16
   4   17
   4   18
   4   19
   4   20
   4   21
   4   22
   4   23
   4   24
   4   25
   4   26
   4   27
   4   28
   4   29
   4   30
   4   31
   4   32
   4   33
   4   34
   4   35
   4   36
   4   37
   4   38
   4   39
   4   40
   4   41
   4   42
   4   43
   4   44
   4   45
   4   46
   4   47
   4   48
   4   49
   4   50
   4   51
   4   52
   4   53
   4   54
   4   55
   4   56
   4   57
   4   58
   4   59
   4   60
   4   61
   4   62
   4   63
   4   64
   4   65
   4   66
   4   67
   4   68
   4   69
   4   70
   4   71
   4   72
   4   73
   4   74
   4   75
   4   76
   4   77
   4   78
   4   79
   4   80
   4   81
   4   82
   4   83
   4   84
   4   85
   4   86
   4   87
   4   88
   4   89
   4   90
   4   91
   4   92
   4   93
   4   94
   4   95
   4   96
   4   97
   4   98
   4   99
   4  100
   5    1
   5    2
   5    4
   5    6
   5    8
   5    9
   5   10
   5   11
   5   12
   5   13
   5   14
   5   15
   5   16
   5   17
   5   18
   5   19
   5   20
   5   21
   5   22
   5   23
   5   24
   5   25
   5   26
   5   27
   5   28
   5   29
   5   30
   5   31
   5   32
   5   33
   5   34
   5   35
   5   36
   5   37
   5   38
   5   39
   5   40
   5   41
   5   42
   5   43
   5   44
   5   45
   5   46
   5   47
   5   48
   5   49
   5   50
   5   51
   5   52
   5   53
   5   54
   5   55
   5   56
   5   57
   5   58
   5   59
   5   60
   5   61
   5   62
   5   63
   5   64
   5   65
   5   66
   5   67
   5   68
   5   69
   5   70
   5   71
   5   72
   5   73
   5   74
   5   75
   5   76
   5   77
   5   78
   5   79
   5   80
   5   81
   5   82
   5   83
   5   84
   5   85
   5   86
   5   87
   5   88
   5   89
   5   90
   5   91
   5   92
   5   94
   5   96
   5   99
   5  100

