Bundle Soln PhotoModeler Calibration Project
 0.000500 20 5616 3744
 1.00000  0.10000 10.00000 100.00000 100.00000 100.00000 20.00000 20.00000 20.00000
100.0905 18.4134 12.0508 36.50960 24.33320 -0.00006 0.00000 0.00000 0.00000 0.00000
 0.00000  0.03652  0.02433 0.500000 0.500000 0.001000 0.000100 0.000100 0.001000 0.001000
   0 f:\canon_eos_5d_105mm\img_5775.jpg
   0    3.382    3.113    2.621  150.146   38.259  -45.302
   0   0.0013   0.0004   0.0008   0.0129   0.0060   0.0047

   0 100.091  18.413  12.051 36.50960 24.33320 -0.00006 0.00000 0.00000 0.00000 0.00000
   0  0.00000  0.03652  0.02433 0.500000 0.500000 0.001000 0.000100 0.000100 0.001000 0.001000
   1 f:\canon_eos_5d_105mm\img_5776.jpg
   1   -1.465   -2.828    2.631  -17.049  -24.776   50.833
   1   0.0003   0.0016   0.0007   0.0076   0.0097   0.0077

   1 100.091  18.413  12.051 36.50960 24.33320 -0.00006 0.00000 0.00000 0.00000 0.00000
   1  0.00000  0.03652  0.02433 0.500000 0.500000 0.001000 0.000100 0.000100 0.001000 0.001000
   2 f:\canon_eos_5d_105mm\img_5777.jpg
   2   -1.773   -3.574    2.589  -67.663  -25.911   55.825
   2   0.0005   0.0018   0.0005   0.0088   0.0093   0.0077

   2 100.091  18.413  12.051 36.50960 24.33320 -0.00006 0.00000 0.00000 0.00000 0.00000
   2  0.00000  0.03652  0.02433 0.500000 0.500000 0.001000 0.000100 0.000100 0.001000 0.001000
   3 f:\canon_eos_5d_105mm\img_5778.jpg
   3    3.286    4.198    2.582  117.572   31.817  -54.731
   3   0.0012   0.0007   0.0008   0.0128   0.0047   0.0047

   3 100.091  18.413  12.051 36.50960 24.33320 -0.00006 0.00000 0.00000 0.00000 0.00000
   3  0.00000  0.03652  0.02433 0.500000 0.500000 0.001000 0.000100 0.000100 0.001000 0.001000
   4 f:\canon_eos_5d_105mm\img_5779.jpg
   4   -3.681    2.790    2.658 -136.790  -49.501  -40.734
   4   0.0007   0.0002   0.0020   0.0153   0.0071   0.0219

   4 100.091  18.413  12.051 36.50960 24.33320 -0.00006 0.00000 0.00000 0.00000 0.00000
   4  0.00000  0.03652  0.02433 0.500000 0.500000 0.001000 0.000100 0.000100 0.001000 0.001000
   5 f:\canon_eos_5d_105mm\img_5780.jpg
   5   -3.610    2.785    2.605  175.504  -48.281  -40.355
   5   0.0007   0.0004   0.0019   0.0146   0.0070   0.0211

   5 100.091  18.413  12.051 36.50960 24.33320 -0.00006 0.00000 0.00000 0.00000 0.00000
   5  0.00000  0.03652  0.02433 0.500000 0.500000 0.001000 0.000100 0.000100 0.001000 0.001000
   6 f:\canon_eos_5d_105mm\img_5781.jpg
   6    4.635   -1.061    2.675   54.969   53.825   29.580
   6   0.0019   0.0008   0.0006   0.0055   0.0114   0.0142

   6 100.091  18.413  12.051 36.50960 24.33320 -0.00006 0.00000 0.00000 0.00000 0.00000
   6  0.00000  0.03652  0.02433 0.500000 0.500000 0.001000 0.000100 0.000100 0.001000 0.001000
   7 f:\canon_eos_5d_105mm\img_5782.jpg
   7    4.732   -0.923    2.594   -2.239   53.545   28.125
   7   0.0019   0.0008   0.0005   0.0065   0.0120   0.0141

   7 100.091  18.413  12.051 36.50960 24.33320 -0.00006 0.00000 0.00000 0.00000 0.00000
   7  0.00000  0.03652  0.02433 0.500000 0.500000 0.001000 0.000100 0.000100 0.001000 0.001000


    1002    1.00190    1.00051   -0.00178   0.000226   0.000103   0.000073
    1001    0.00048    0.99980    0.00184   0.000062   0.000051   0.000127
    1004    1.00250   -0.00170   -0.00107   0.000280   0.000183   0.000245
    1003    0.00105   -0.00238   -0.00170   0.000027   0.000237   0.000056
       2    1.14481    1.28696   -0.00007   0.000253   0.000191   0.000057
       3    1.28801    1.14385    0.00071   0.000300   0.000159   0.000103
       4    1.00159    1.28684   -0.00134   0.000213   0.000183   0.000036
       6    1.14490    1.14375   -0.00172   0.000260   0.000152   0.000078
       8    1.28817    1.00068   -0.00137   0.000306   0.000119   0.000127
      10    0.71557    1.28659   -0.00080   0.000134   0.000166   0.000045
      11    1.14509    1.00064   -0.00197   0.000266   0.000111   0.000100
      12    0.57233    1.28653   -0.00066   0.000095   0.000158   0.000069
      13    0.85871    1.14352   -0.00130   0.000180   0.000134   0.000030
      14    1.28817    0.85760   -0.00079   0.000314   0.000081   0.000151
      15    0.42937    1.28637   -0.00039   0.000060   0.000150   0.000095
      16    0.71565    1.14346   -0.00111   0.000141   0.000127   0.000027
      17    1.14507    0.85744   -0.00262   0.000274   0.000073   0.000124
      18    0.28624    1.28634    0.00007   0.000035   0.000143   0.000122
      19    0.85886    1.00042   -0.00092   0.000187   0.000095   0.000047
      20    0.57249    1.14337   -0.00064   0.000102   0.000118   0.000045
      21    1.28827    0.71438   -0.00187   0.000321   0.000046   0.000176
      22    0.14319    1.28611    0.00162   0.000046   0.000135   0.000150
      23    1.00189    0.85737   -0.00220   0.000234   0.000065   0.000097
      24    0.71586    1.00032    0.00020   0.000148   0.000087   0.000026
      25    0.42946    1.14325    0.00064   0.000065   0.000111   0.000071
      26    1.14516    0.71430   -0.00200   0.000281   0.000038   0.000149
      28    0.85892    0.85726   -0.00151   0.000194   0.000057   0.000070
      29    0.57264    1.00028    0.00019   0.000109   0.000079   0.000027
      30    0.28637    1.14311    0.00011   0.000035   0.000103   0.000097
      31    1.28833    0.57119   -0.00189   0.000329   0.000030   0.000201
      32    1.00199    0.71421   -0.00158   0.000241   0.000032   0.000121
      33    0.42968    1.00014    0.00180   0.000071   0.000072   0.000048
      34    0.71585    0.85717   -0.00080   0.000155   0.000049   0.000045
      35    0.14325    1.14300    0.00079   0.000038   0.000096   0.000124
      37    0.85897    0.71412   -0.00113   0.000202   0.000026   0.000094
      38    0.57267    0.85710    0.00012   0.000116   0.000042   0.000024
      39    0.00034    1.14291    0.00148   0.000070   0.000088   0.000152
      40    0.28652    1.00004    0.00096   0.000038   0.000065   0.000073
      41    1.28850    0.42791   -0.00218   0.000337   0.000054   0.000226
      42    1.00201    0.57107   -0.00093   0.000249   0.000032   0.000146
      43    0.71597    0.71401   -0.00004   0.000162   0.000023   0.000067
      44    0.42971    0.85699    0.00163   0.000078   0.000036   0.000028
      45    0.14349    0.99990    0.00179   0.000032   0.000058   0.000100
      46    1.14540    0.42777   -0.00128   0.000297   0.000059   0.000198
      47    0.85903    0.57093   -0.00047   0.000210   0.000037   0.000118
      48    0.57277    0.71391   -0.00057   0.000123   0.000023   0.000042
      49    0.28658    0.85686    0.00070   0.000042   0.000031   0.000049
      50    1.28865    0.28480   -0.00138   0.000345   0.000090   0.000251
      51    1.00224    0.42775   -0.00199   0.000257   0.000066   0.000171
      52    0.71599    0.57085    0.00034   0.000170   0.000043   0.000091
      53    0.42982    0.71379    0.00090   0.000085   0.000026   0.000023
      54   -0.14275    0.99975    0.00225   0.000099   0.000046   0.000155
      55    0.14348    0.85675    0.00093   0.000028   0.000027   0.000075
      57    0.85925    0.42765   -0.00093   0.000217   0.000072   0.000143
      58    0.57283    0.57075   -0.00076   0.000130   0.000049   0.000065
      59    0.28671    0.71374    0.00087   0.000048   0.000030   0.000029
      60    0.00044    0.85668    0.00125   0.000054   0.000026   0.000102
      61    1.00240    0.28459   -0.00154   0.000265   0.000104   0.000196
      62    0.71623    0.42751   -0.00081   0.000178   0.000080   0.000116
      63    0.42982    0.57064    0.00101   0.000092   0.000057   0.000039
      64    0.14364    0.71363    0.00160   0.000026   0.000037   0.000052
      65   -0.14275    0.85656    0.00159   0.000091   0.000027   0.000129
      67    0.85934    0.28449   -0.00161   0.000225   0.000111   0.000168
      68    0.57307    0.42740   -0.00093   0.000138   0.000087   0.000089
      69    0.28671    0.57055    0.00016   0.000054   0.000064   0.000022
      70    0.00056    0.71349    0.00158   0.000047   0.000044   0.000078
      71    1.00244    0.14148   -0.00014   0.000273   0.000143   0.000220
      72    0.71636    0.28440   -0.00096   0.000185   0.000119   0.000141
      73    0.43005    0.42735    0.00076   0.000099   0.000095   0.000062
      74    0.14356    0.57043    0.00068   0.000027   0.000072   0.000030
      75   -0.14263    0.71335    0.00136   0.000084   0.000051   0.000105
      76    1.14564   -0.00158   -0.00059   0.000320   0.000175   0.000273
      77    0.85943    0.14140    0.00064   0.000233   0.000151   0.000192
      78    0.57318    0.28433   -0.00119   0.000146   0.000126   0.000114
      79    0.28692    0.42725   -0.00048   0.000061   0.000102   0.000038
      80    0.00057    0.57027    0.00089   0.000041   0.000080   0.000054
      82    0.71639    0.14128   -0.00080   0.000193   0.000158   0.000165
      83    0.43021    0.28424   -0.00013   0.000107   0.000134   0.000086
      84    0.14379    0.42712    0.00024   0.000030   0.000110   0.000021
      85   -0.14265    0.57023    0.00100   0.000076   0.000088   0.000080
      86    0.85953   -0.00179    0.00070   0.000241   0.000191   0.000217
      87    0.57324    0.14122   -0.00135   0.000153   0.000166   0.000138
      88    0.28708    0.28411   -0.00028   0.000068   0.000142   0.000060
      89    0.00078    0.42706   -0.00053   0.000035   0.000118   0.000032
      90   -0.28566    0.57012   -0.00033   0.000115   0.000096   0.000107
      91    1.00265   -0.14463   -0.00044   0.000288   0.000223   0.000270
      92    0.71652   -0.00187   -0.00088   0.000201   0.000198   0.000190
      93    0.43026    0.14113   -0.00040   0.000114   0.000174   0.000111
      94    0.14394    0.28404   -0.00151   0.000035   0.000150   0.000036
      95   -0.14237    0.42689   -0.00026   0.000069   0.000126   0.000056
      96    0.85966   -0.14471    0.00195   0.000249   0.000231   0.000242
      97    0.57330   -0.00195   -0.00124   0.000161   0.000206   0.000163
      98    0.28711    0.14104   -0.00150   0.000076   0.000181   0.000084
      99    0.00093    0.28391   -0.00149   0.000030   0.000158   0.000021
     100   -0.28549    0.42685   -0.00093   0.000108   0.000134   0.000083
     102    0.43034   -0.00208    0.00026   0.000122   0.000214   0.000135
     103    0.14399    0.14089   -0.00067   0.000041   0.000189   0.000058
     107    0.28717   -0.00218   -0.00170   0.000083   0.000221   0.000109
     108    0.00097    0.14082   -0.00091   0.000027   0.000197   0.000034
     109   -0.28537    0.28368   -0.00150   0.000101   0.000174   0.000059
     110    0.71683   -0.28803   -0.00089   0.000217   0.000278   0.000240
     112    0.14407   -0.00228   -0.00140   0.000047   0.000229   0.000082
     114    0.57360   -0.28812   -0.00099   0.000177   0.000286   0.000213
     115    0.28729   -0.14513   -0.00187   0.000091   0.000261   0.000133
     116   -0.28531    0.14054   -0.00143   0.000093   0.000213   0.000037
     117    0.43061   -0.28822   -0.00072   0.000138   0.000294   0.000186
     118    0.14415   -0.14522   -0.00208   0.000054   0.000269   0.000106
     119   -0.14220   -0.00249   -0.00216   0.000049   0.000245   0.000033
     120    0.28743   -0.28829   -0.00150   0.000100   0.000301   0.000159
     121    0.00118   -0.14534   -0.00227   0.000029   0.000277   0.000080
     122   -0.28526   -0.00262   -0.00308   0.000087   0.000253   0.000024
     123    0.14440   -0.28835   -0.00220   0.000063   0.000309   0.000132
     124   -0.14202   -0.14548   -0.00249   0.000044   0.000285   0.000054
     125   -0.28492   -0.28890   -0.00140   0.000097   0.000335   0.000068
     126   -0.14181   -0.28867   -0.00180   0.000049   0.000326   0.000081
     127   -0.28496   -0.14555   -0.00062   0.000096   0.000294   0.000047
     128    0.00142   -0.28850   -0.00189   0.000039   0.000317   0.000105
     138   -0.14225    0.14067   -0.00241   0.000055   0.000205   0.000022
     144   -0.14232    0.28382   -0.00189   0.000062   0.000166   0.000034
     146    0.43041   -0.14503    0.00029   0.000130   0.000254   0.000160
     153   -0.28571    0.71333    0.00142   0.000123   0.000059   0.000132
     154    0.57342   -0.14496   -0.00104   0.000169   0.000246   0.000188
     161   -0.28579    0.85655    0.00121   0.000132   0.000033   0.000157
     163    0.71665   -0.14485   -0.00028   0.000209   0.000238   0.000215
     207    1.14555    0.14162   -0.00204   0.000312   0.000136   0.000248
     214    1.14553    0.28470   -0.00143   0.000305   0.000097   0.000223
     252    1.14519    0.57108   -0.00073   0.000289   0.000030   0.000173
     253    1.28791    1.28701    0.00036   0.000295   0.000206   0.000088
     362    1.28121   -0.28258    0.00408   0.010767   0.006710   0.005638
     363    1.28802   -0.14392   -0.00039   0.011105   0.006600   0.005834
     364    1.28883   -0.00156   -0.00082   0.000362   0.000169   0.000301
     366    1.28872    0.14171   -0.00229   0.000354   0.000130   0.000277
     494   -0.28580    0.99978    0.00126   0.000144   0.000048   0.000183
     495   -0.28600    1.14288    0.00221   0.000152   0.000079   0.000208
     496   -0.28600    1.28606    0.00460   0.000165   0.000118   0.000236
     498   -0.14296    1.28608    0.00165   0.000118   0.000122   0.000206
     500   -0.14285    1.14288    0.00274   0.000109   0.000082   0.000180
     620    1.14584   -0.14455   -0.00101   0.000329   0.000217   0.000299
     621    1.14604   -0.28773   -0.00020   0.000337   0.000256   0.000324
     752    1.00289   -0.28781   -0.00034   0.000297   0.000263   0.000296
    2006    0.00030    1.28607    0.00176   0.000079   0.000128   0.000177
    2012    1.00174    1.14360   -0.00194   0.000219   0.000143   0.000052
    2015    0.85988   -0.28789    0.00065   0.000257   0.000271   0.000267
    2022    0.85860    1.28673   -0.00100   0.000174   0.000175   0.000032

   0     1003 2714.1070  817.8315  0.00000  0.00000
   0     1001 5123.9088 1967.3595  0.00000  0.00000
   0     1004  412.7237 1977.7125  0.00000  0.00000
   0     1002 2877.2063 3475.6204  0.00000  0.00000
   0      125 2679.5614  258.2573  0.00000  0.00000
   0      126 2404.4989  391.6642  0.00000  0.00000
   0      127 2970.9026  391.5256  0.00000  0.00000
   0      128 2120.4095  527.6438  0.00000  0.00000
   0      124 2696.5288  532.5359  0.00000  0.00000
   0      122 3269.3615  535.1429  0.00000  0.00000
   0      123 1826.9715  667.9848  0.00000  0.00000
   0      121 2413.5475  672.3694  0.00000  0.00000
   0      116 3577.7750  672.3954  0.00000  0.00000
   0      119 2996.1545  673.9424  0.00000  0.00000
   0      120 1522.2093  809.9630  0.00000  0.00000
   0      118 2121.2846  816.0180  0.00000  0.00000
   0      109 3895.6924  817.6271  0.00000  0.00000
   0      138 3304.6717  820.5615  0.00000  0.00000
   0      117 1205.1099  956.4812  0.00000  0.00000
   0      115 1818.3056  964.2542  0.00000  0.00000
   0      100 4224.9655  964.9581  0.00000  0.00000
   0      112 2422.8657  965.9904  0.00000  0.00000
   0      108 3023.4826  966.5836  0.00000  0.00000
   0      144 3622.8954  968.9535  0.00000  0.00000
   0      114  875.3424 1110.7733  0.00000  0.00000
   0      146 1503.0664 1112.2498  0.00000  0.00000
   0       90 4567.0922 1116.8806  0.00000  0.00000
   0       95 3952.1877 1118.6805  0.00000  0.00000
   0      107 2121.1017 1120.4570  0.00000  0.00000
   0      103 2732.9903 1119.8426  0.00000  0.00000
   0       99 3341.9082 1122.7551  0.00000  0.00000
   0      110  530.2632 1270.1832  0.00000  0.00000
   0      153 4922.6265 1270.9610  0.00000  0.00000
   0      154 1175.4485 1274.7154  0.00000  0.00000
   0      102 1807.6326 1274.3110  0.00000  0.00000
   0       85 4294.4173 1274.0800  0.00000  0.00000
   0       89 3671.5142 1279.4752  0.00000  0.00000
   0       98 2432.6224 1280.9993  0.00000  0.00000
   0       94 3052.5202 1282.1830  0.00000  0.00000
   0     2015  168.8020 1431.9437  0.00000  0.00000
   0      161 5293.1005 1436.0584  0.00000  0.00000
   0       75 4649.0284 1437.3245  0.00000  0.00000
   0      163  832.9132 1437.8770  0.00000  0.00000
   0       80 4013.5405 1439.9723  0.00000  0.00000
   0       84 3382.3816 1442.1138  0.00000  0.00000
   0       97 1482.2700 1442.8139  0.00000  0.00000
   0       93 2120.6787 1442.7021  0.00000  0.00000
   0       88 2752.7822 1443.3132  0.00000  0.00000
   0       96  474.0097 1603.7434  0.00000  0.00000
   0       65 5019.4505 1606.9731  0.00000  0.00000
   0       70 4368.3309 1608.2155  0.00000  0.00000
   0       74 3724.6261 1610.9988  0.00000  0.00000
   0       92 1141.6748 1612.9283  0.00000  0.00000
   0       83 2442.4434 1613.0514  0.00000  0.00000
   0       79 3083.5386 1614.2174  0.00000  0.00000
   0       87 1796.7663 1615.4102  0.00000  0.00000
   0       54 5405.8704 1782.1425  0.00000  0.00000
   0       64 4079.3636 1784.5633  0.00000  0.00000
   0       60 4737.7858 1785.3100  0.00000  0.00000
   0       86  785.6985 1786.7547  0.00000  0.00000
   0       73 2773.9330 1787.1746  0.00000  0.00000
   0       69 3426.2573 1788.6413  0.00000  0.00000
   0       91   98.1692 1789.7362  0.00000  0.00000
   0       82 1458.5745 1791.1229  0.00000  0.00000
   0       78 2120.0282 1792.3726  0.00000  0.00000
   0       63 3117.9670 1968.8568  0.00000  0.00000
   0       59 3781.4536 1969.1681  0.00000  0.00000
   0       55 4448.5208 1969.2301  0.00000  0.00000
   0       77 1105.1337 1971.8103  0.00000  0.00000
   0       72 1783.5716 1975.3681  0.00000  0.00000
   0       68 2453.1118 1974.3044  0.00000  0.00000
   0       45 4834.6015 2157.1152  0.00000  0.00000
   0       53 3472.9061 2158.2585  0.00000  0.00000
   0       49 4150.2772 2159.0511  0.00000  0.00000
   0       39 5528.6837 2159.8296  0.00000  0.00000
   0       58 2797.9943 2162.9187  0.00000  0.00000
   0       62 2118.3649 2164.3232  0.00000  0.00000
   0       71  734.3710 2167.0259  0.00000  0.00000
   0       67 1432.7075 2168.5118  0.00000  0.00000
   0       44 3842.9274 2352.8860  0.00000  0.00000
   0       40 4536.3269 2356.0186  0.00000  0.00000
   0       52 2464.5609 2357.3100  0.00000  0.00000
   0       35 5238.6808 2358.6661  0.00000  0.00000
   0       48 3154.0285 2358.6546  0.00000  0.00000
   0       57 1769.3236 2363.2026  0.00000  0.00000
   0       61 1064.6330 2368.7113  0.00000  0.00000
   0      207  344.7202 2374.9196  0.00000  0.00000
   0       33 4228.6044 2557.4162  0.00000  0.00000
   0       38 3524.4742 2560.9442  0.00000  0.00000
   0       43 2821.8886 2562.0633  0.00000  0.00000
   0       30 4939.6938 2564.6564  0.00000  0.00000
   0       47 2117.3302 2565.6102  0.00000  0.00000
   0       51 1403.8759 2574.0197  0.00000  0.00000
   0      214  676.8211 2578.7552  0.00000  0.00000
   0       29 3910.1688 2773.7694  0.00000  0.00000
   0       25 4632.5231 2775.2826  0.00000  0.00000
   0       34 3193.0778 2776.1574  0.00000  0.00000
   0       37 2476.3933 2779.1354  0.00000  0.00000
   0       18 5364.9436 2781.7258  0.00000  0.00000
   0       42 1754.2862 2782.5551  0.00000  0.00000
   0       46 1018.8647 2790.5746  0.00000  0.00000
   0       50  268.1225 2800.4182  0.00000  0.00000
   0       24 3579.5623 2995.1224  0.00000  0.00000
   0       20 4313.9752 2999.4501  0.00000  0.00000
   0       28 2848.5125 3000.6589  0.00000  0.00000
   0       15 5056.1521 3003.5899  0.00000  0.00000
   0       32 2114.9071 3004.8200  0.00000  0.00000
   0      252 1371.5738 3009.1854  0.00000  0.00000
   0       41  613.4101 3024.0354  0.00000  0.00000
   0       19 3236.2599 3229.7337  0.00000  0.00000
   0       16 3984.0150 3231.2629  0.00000  0.00000
   0       12 4738.5474 3234.2465  0.00000  0.00000
   0       23 2488.5859 3236.0506  0.00000  0.00000
   0       26 1734.9467 3242.7311  0.00000  0.00000
   0       31  968.5867 3252.8111  0.00000  0.00000
   0       13 3641.2921 3472.9612  0.00000  0.00000
   0       10 4408.2039 3475.0142  0.00000  0.00000
   0       17 2110.6088 3483.7362  0.00000  0.00000
   0       21 1334.6448 3491.8258  0.00000  0.00000
   1     1002 3349.1645  531.4808  0.00000  0.00000
   1     1001  584.9054 1259.2711  0.00000  0.00000
   1     1004 5146.6860 2065.4464  0.00000  0.00000
   1     1003 2092.9389 3091.3284  0.00000  0.00000
   1        2 3275.7034   67.3363  0.00000  0.00000
   1        3 3835.8068  148.3565  0.00000  0.00000
   1        4 2925.8847  161.7587  0.00000  0.00000
   1        6 3487.7015  248.8734  0.00000  0.00000
   1     2022 2569.4320  252.8917  0.00000  0.00000
   1        8 4060.4720  333.0073  0.00000  0.00000
   1     2012 3133.4781  344.5074  0.00000  0.00000
   1       10 2204.7891  345.2458  0.00000  0.00000
   1       11 3707.7904  432.7776  0.00000  0.00000
   1       12 1830.5528  439.0516  0.00000  0.00000
   1       13 2773.3246  439.0241  0.00000  0.00000
   1       14 4294.1279  517.2649  0.00000  0.00000
   1       15 1446.7167  533.8387  0.00000  0.00000
   1       16 2404.5623  535.5958  0.00000  0.00000
   1       17 3936.1575  624.2174  0.00000  0.00000
   1       18 1050.6535  629.7570  0.00000  0.00000
   1       19 2984.4557  629.4418  0.00000  0.00000
   1       20 2026.5954  632.9090  0.00000  0.00000
   1       21 4537.9617  712.7923  0.00000  0.00000
   1       22  641.6913  724.7231  0.00000  0.00000
   1       23 3572.5088  726.4170  0.00000  0.00000
   1       24 2611.5931  727.8967  0.00000  0.00000
   1       25 1638.7014  729.5525  0.00000  0.00000
   1       26 4174.7839  819.4021  0.00000  0.00000
   1     2006  218.1897  825.2714  0.00000  0.00000
   1       28 3203.0775  829.1501  0.00000  0.00000
   1       29 2229.0828  830.8335  0.00000  0.00000
   1       30 1238.9865  832.8272  0.00000  0.00000
   1       31 4792.8498  913.0147  0.00000  0.00000
   1       32 3805.8152  925.9108  0.00000  0.00000
   1       33 1837.3524  931.3444  0.00000  0.00000
   1       34 2825.5451  933.2322  0.00000  0.00000
   1       35  826.0873  935.0565  0.00000  0.00000
   1      252 4423.8772 1020.5400  0.00000  0.00000
   1       37 3430.7920 1033.5741  0.00000  0.00000
   1       38 2439.0264 1038.4257  0.00000  0.00000
   1       39  398.7504 1039.6610  0.00000  0.00000
   1       40 1433.4394 1040.5370  0.00000  0.00000
   1       41 5060.2858 1122.2660  0.00000  0.00000
   1       42 4048.7042 1133.0742  0.00000  0.00000
   1       43 3048.5007 1141.2985  0.00000  0.00000
   1       44 2042.3978 1143.9671  0.00000  0.00000
   1       45 1016.3911 1147.5226  0.00000  0.00000
   1       46 4685.1335 1235.0644  0.00000  0.00000
   1       47 3668.0237 1245.3059  0.00000  0.00000
   1       48 2656.7148 1255.2776  0.00000  0.00000
   1       49 1633.9119 1258.4069  0.00000  0.00000
   1       50 5341.5461 1337.6904  0.00000  0.00000
   1       51 4303.4111 1353.5878  0.00000  0.00000
   1       52 3280.2276 1358.6574  0.00000  0.00000
   1       53 2255.5934 1366.0353  0.00000  0.00000
   1       54  135.2898 1373.6566  0.00000  0.00000
   1       55 1212.6910 1372.9017  0.00000  0.00000
   1      214 4958.4751 1457.6238  0.00000  0.00000
   1       57 3916.5396 1468.9618  0.00000  0.00000
   1       58 2883.4294 1479.4833  0.00000  0.00000
   1       59 1842.5638 1483.8633  0.00000  0.00000
   1       60  776.5974 1489.9526  0.00000  0.00000
   1       61 4570.6108 1579.3877  0.00000  0.00000
   1       62 3522.7246 1589.2391  0.00000  0.00000
   1       63 2476.6379 1594.8163  0.00000  0.00000
   1       64 1416.5337 1602.5797  0.00000  0.00000
   1       65  323.0311 1610.9292  0.00000  0.00000
   1      207 5246.0235 1691.8999  0.00000  0.00000
   1       67 4176.4915 1702.8620  0.00000  0.00000
   1       68 3120.2059 1712.8323  0.00000  0.00000
   1       69 2058.3868 1720.4529  0.00000  0.00000
   1       70  975.5305 1726.8013  0.00000  0.00000
   1       71 4851.2667 1813.2300  0.00000  0.00000
   1       72 3775.8947 1826.9569  0.00000  0.00000
   1       73 2707.6245 1833.9876  0.00000  0.00000
   1       74 1627.0892 1845.9274  0.00000  0.00000
   1       75  517.1614 1855.9773  0.00000  0.00000
   1       76 5550.6809 1932.2273  0.00000  0.00000
   1       77 4450.2842 1939.9206  0.00000  0.00000
   1       78 3366.6825 1956.5102  0.00000  0.00000
   1       79 2284.2404 1966.8535  0.00000  0.00000
   1       80 1181.2059 1976.2137  0.00000  0.00000
   1      153   39.5786 1989.0778  0.00000  0.00000
   1       82 4041.8012 2075.0590  0.00000  0.00000
   1       83 2949.0383 2085.6028  0.00000  0.00000
   1       84 1846.9613 2098.4033  0.00000  0.00000
   1       85  717.0460 2111.6331  0.00000  0.00000
   1       86 4738.3499 2194.9811  0.00000  0.00000
   1       87 3625.2882 2211.5519  0.00000  0.00000
   1       88 2518.8970 2221.6562  0.00000  0.00000
   1       89 1395.5366 2238.2540  0.00000  0.00000
   1       90  235.0246 2256.1278  0.00000  0.00000
   1       91 5459.7496 2326.2600  0.00000  0.00000
   1       92 4321.6746 2336.6216  0.00000  0.00000
   1       93 3200.4804 2347.0532  0.00000  0.00000
   1       94 2076.0899 2365.4462  0.00000  0.00000
   1       95  926.4153 2380.7484  0.00000  0.00000
   1       96 5042.6579 2459.7928  0.00000  0.00000
   1       97 3897.5551 2478.8612  0.00000  0.00000
   1       98 2763.7214 2492.7380  0.00000  0.00000
   1       99 1618.3727 2510.5971  0.00000  0.00000
   1      100  437.2319 2531.9156  0.00000  0.00000
   1      163 4617.5853 2609.9335  0.00000  0.00000
   1      102 3465.2399 2619.4285  0.00000  0.00000
   1      103 2314.3555 2638.0701  0.00000  0.00000
   1      144 1142.4815 2663.1186  0.00000  0.00000
   1     2015 5365.6307 2747.8452  0.00000  0.00000
   1      154 4184.7452 2759.8832  0.00000  0.00000
   1      107 3020.5895 2774.7360  0.00000  0.00000
   1      108 1849.9372 2791.6131  0.00000  0.00000
   1      109  647.3604 2819.9805  0.00000  0.00000
   1      110 4931.2017 2902.5588  0.00000  0.00000
   1      146 3743.7174 2908.0412  0.00000  0.00000
   1      112 2564.2647 2929.1161  0.00000  0.00000
   1      138 1367.7024 2956.0250  0.00000  0.00000
   1      114 4488.8351 3057.9010  0.00000  0.00000
   1      115 3291.2331 3071.6791  0.00000  0.00000
   1      116  865.4907 3120.2846  0.00000  0.00000
   1      117 4039.2928 3216.5952  0.00000  0.00000
   1      118 2826.3549 3235.6446  0.00000  0.00000
   1      119 1602.8528 3261.8668  0.00000  0.00000
   1      120 3577.5690 3384.7989  0.00000  0.00000
   1      121 2347.3316 3406.8043  0.00000  0.00000
   1      122 1093.2027 3441.7117  0.00000  0.00000
   1      123 3104.4869 3559.0253  0.00000  0.00000
   1      124 1849.4941 3586.1635  0.00000  0.00000
   2     1004 3858.3472  430.6782  0.00000  0.00000
   2     1002 2008.9379  933.1747  0.00000  0.00000
   2     1003 2835.5612 3022.1096  0.00000  0.00000
   2     1001  955.7456 3214.0414  0.00000  0.00000
   2       41 3270.8165   29.7538  0.00000  0.00000
   2       76 3993.6151   88.5547  0.00000  0.00000
   2       31 3006.6901  112.5107  0.00000  0.00000
   2      207 3697.4072  180.5102  0.00000  0.00000
   2       21 2753.3037  191.7964  0.00000  0.00000
   2      752 4497.5197  250.7267  0.00000  0.00000
   2      214 3410.6305  264.3723  0.00000  0.00000
   2       14 2507.4433  265.7942  0.00000  0.00000
   2        8 2273.2745  339.0015  0.00000  0.00000
   2       91 4169.2504  342.9190  0.00000  0.00000
   2       46 3136.8203  344.6451  0.00000  0.00000
   2        3 2042.2980  405.6659  0.00000  0.00000
   2      252 2872.5357  421.1262  0.00000  0.00000
   2      253 1823.0618  473.2930  0.00000  0.00000
   2       26 2622.0767  496.5774  0.00000  0.00000
   2       71 3558.3621  511.3670  0.00000  0.00000
   2       17 2379.4919  568.0027  0.00000  0.00000
   2       61 3275.9753  591.7849  0.00000  0.00000
   2     2015 4355.7966  611.2795  0.00000  0.00000
   2       11 2143.2753  634.1892  0.00000  0.00000
   2       51 3003.5410  666.9799  0.00000  0.00000
   2       96 4025.9255  692.6928  0.00000  0.00000
   2        6 1915.5081  698.7922  0.00000  0.00000
   2       42 2738.6865  736.6033  0.00000  0.00000
   2        2 1692.6932  758.8775  0.00000  0.00000
   2       86 3716.9759  774.0429  0.00000  0.00000
   2       32 2487.2872  805.3881  0.00000  0.00000
   2       77 3419.5158  849.0831  0.00000  0.00000
   2       23 2244.6745  871.4764  0.00000  0.00000
   2       67 3138.8934  924.3926  0.00000  0.00000
   2      110 4217.8776  982.6459  0.00000  0.00000
   2       57 2864.6963  991.3187  0.00000  0.00000
   2     2012 1781.9338  993.4416  0.00000  0.00000
   2        4 1560.5467 1050.7438  0.00000  0.00000
   2      163 3889.9317 1056.8404  0.00000  0.00000
   2       47 2601.1068 1055.8984  0.00000  0.00000
   2       37 2349.6710 1119.1722  0.00000  0.00000
   2       92 3580.0528 1129.1499  0.00000  0.00000
   2       28 2106.8265 1179.4804  0.00000  0.00000
   2       82 3282.2894 1197.0378  0.00000  0.00000
   2       19 1870.4062 1236.1271  0.00000  0.00000
   2       72 2998.1879 1261.7194  0.00000  0.00000
   2       13 1643.5425 1292.1082  0.00000  0.00000
   2       62 2725.0085 1323.0921  0.00000  0.00000
   2     2022 1422.4826 1345.2176  0.00000  0.00000
   2      114 4075.0385 1358.9257  0.00000  0.00000
   2       52 2459.7187 1380.9646  0.00000  0.00000
   2      154 3748.5439 1425.9866  0.00000  0.00000
   2       43 2207.7155 1438.2061  0.00000  0.00000
   2       97 3438.0536 1489.7628  0.00000  0.00000
   2       34 1965.3495 1493.8802  0.00000  0.00000
   2       24 1727.8024 1544.9252  0.00000  0.00000
   2       87 3140.9011 1550.3807  0.00000  0.00000
   2       16 1502.3074 1597.6208  0.00000  0.00000
   2       78 2856.1234 1607.6344  0.00000  0.00000
   2       10 1280.8129 1646.1552  0.00000  0.00000
   2       68 2582.2909 1662.6789  0.00000  0.00000
   2       58 2318.8569 1715.9340  0.00000  0.00000
   2      117 3929.1478 1742.4281  0.00000  0.00000
   2       48 2065.2625 1766.7449  0.00000  0.00000
   2      146 3600.2343 1799.2431  0.00000  0.00000
   2       38 1819.4830 1815.1939  0.00000  0.00000
   2      102 3289.6202 1854.6783  0.00000  0.00000
   2       29 1583.4178 1862.3769  0.00000  0.00000
   2       93 2993.3587 1908.9755  0.00000  0.00000
   2       20 1356.5731 1909.5922  0.00000  0.00000
   2       12 1135.0972 1954.2497  0.00000  0.00000
   2       83 2708.0211 1959.3374  0.00000  0.00000
   2       73 2432.4794 2007.1444  0.00000  0.00000
   2       63 2168.5478 2054.0114  0.00000  0.00000
   2       53 1914.9604 2099.6360  0.00000  0.00000
   2      120 3782.7985 2137.3339  0.00000  0.00000
   2       44 1668.6866 2142.5139  0.00000  0.00000
   2      115 3456.7125 2187.7702  0.00000  0.00000
   2       33 1431.7847 2184.6303  0.00000  0.00000
   2       25 1205.0181 2227.6022  0.00000  0.00000
   2      107 3144.8922 2234.9140  0.00000  0.00000
   2       15  985.0991 2268.8382  0.00000  0.00000
   2       98 2846.3311 2280.5312  0.00000  0.00000
   2       88 2558.3615 2322.2797  0.00000  0.00000
   2       79 2284.4506 2365.2958  0.00000  0.00000
   2       69 2018.9725 2405.4314  0.00000  0.00000
   2       59 1763.3454 2443.5723  0.00000  0.00000
   2       49 1517.7294 2482.6124  0.00000  0.00000
   2       40 1280.0801 2519.4535  0.00000  0.00000
   2      123 3633.2163 2543.0782  0.00000  0.00000
   2       30 1052.2338 2556.6346  0.00000  0.00000
   2      118 3305.0709 2583.9884  0.00000  0.00000
   2       18  829.3749 2591.9613  0.00000  0.00000
   2      112 2991.8061 2622.0960  0.00000  0.00000
   2      103 2691.2672 2659.0318  0.00000  0.00000
   2       94 2406.7224 2697.2625  0.00000  0.00000
   2       84 2127.9955 2730.1745  0.00000  0.00000
   2       74 1861.7654 2764.7513  0.00000  0.00000
   2       64 1604.9885 2796.4519  0.00000  0.00000
   2       55 1359.8382 2830.4998  0.00000  0.00000
   2       45 1120.1536 2860.5088  0.00000  0.00000
   2       35  891.4681 2893.7959  0.00000  0.00000
   2       22  666.1818 2922.8569  0.00000  0.00000
   2      128 3478.1571 2958.7918  0.00000  0.00000
   2      121 3149.9356 2992.0832  0.00000  0.00000
   2      108 2533.9422 3050.9761  0.00000  0.00000
   2       99 2247.8139 3081.3814  0.00000  0.00000
   2       89 1969.6339 3108.6737  0.00000  0.00000
   2       80 1700.4089 3134.9673  0.00000  0.00000
   2       70 1442.6886 3161.4653  0.00000  0.00000
   2       60 1196.0301 3188.7983  0.00000  0.00000
   2       39  725.0215 3240.3414  0.00000  0.00000
   2     2006  499.9401 3265.2646  0.00000  0.00000
   2      126 3318.8451 3390.5473  0.00000  0.00000
   2      124 2990.3033 3414.2677  0.00000  0.00000
   2      119 2674.6233 3436.6554  0.00000  0.00000
   2      138 2374.0220 3459.0069  0.00000  0.00000
   2      144 2083.9732 3480.2030  0.00000  0.00000
   2       95 1803.2202 3498.9424  0.00000  0.00000
   2       85 1532.8199 3518.9636  0.00000  0.00000
   2       75 1274.7819 3539.1039  0.00000  0.00000
   2       65 1025.6258 3559.8213  0.00000  0.00000
   2       54  784.0575 3578.9894  0.00000  0.00000
   2      500  550.3933 3598.9345  0.00000  0.00000
   2      498  327.2366 3620.3355  0.00000  0.00000
   3     1001 4389.4135  546.8760  0.00000  0.00000
   3     1003 2340.0647 1015.9364  0.00000  0.00000
   3     1002 3263.4787 2902.3840  0.00000  0.00000
   3     1004 1149.1233 3105.5069  0.00000  0.00000
   3      161 4354.8843   34.7497  0.00000  0.00000
   3      498 5248.0324   66.0247  0.00000  0.00000
   3      153 4038.5367  117.3822  0.00000  0.00000
   3      500 4882.6518  155.1052  0.00000  0.00000
   3       90 3738.0488  199.9933  0.00000  0.00000
   3       54 4537.5021  242.4280  0.00000  0.00000
   3      100 3447.8329  276.7347  0.00000  0.00000
   3       65 4208.1870  325.5671  0.00000  0.00000
   3      109 3168.4365  349.7858  0.00000  0.00000
   3     2006 5098.6535  382.8930  0.00000  0.00000
   3       75 3892.6452  403.5312  0.00000  0.00000
   3      116 2898.3338  418.2717  0.00000  0.00000
   3       39 4735.9135  467.7518  0.00000  0.00000
   3       85 3590.2981  478.0538  0.00000  0.00000
   3      122 2639.8510  487.0689  0.00000  0.00000
   3      127 2384.0398  546.1524  0.00000  0.00000
   3       95 3300.4773  551.4224  0.00000  0.00000
   3      125 2140.2282  608.4463  0.00000  0.00000
   3      144 3022.8810  621.7126  0.00000  0.00000
   3       60 4060.4122  623.5585  0.00000  0.00000
   3      138 2753.3105  686.8994  0.00000  0.00000
   3       70 3743.3964  695.1371  0.00000  0.00000
   3       22 4948.3459  705.7993  0.00000  0.00000
   3      119 2491.3882  748.2718  0.00000  0.00000
   3       80 3441.4690  765.0021  0.00000  0.00000
   3       35 4586.3261  784.9341  0.00000  0.00000
   3      124 2239.1358  808.2395  0.00000  0.00000
   3       89 3151.9092  833.4932  0.00000  0.00000
   3       45 4238.3833  856.5152  0.00000  0.00000
   3      126 1992.6236  864.5377  0.00000  0.00000
   3       99 2872.4943  897.9705  0.00000  0.00000
   3       55 3909.2019  927.9706  0.00000  0.00000
   3      108 2600.7636  956.8839  0.00000  0.00000
   3       64 3591.7282  992.8463  0.00000  0.00000
   3       18 4797.6967 1039.3316  0.00000  0.00000
   3       74 3289.7557 1057.9333  0.00000  0.00000
   3      121 2087.4455 1072.5559  0.00000  0.00000
   3       30 4433.8284 1109.6238  0.00000  0.00000
   3       84 2997.9792 1119.5970  0.00000  0.00000
   3      128 1840.6441 1125.6478  0.00000  0.00000
   3       40 4085.8569 1174.9249  0.00000  0.00000
   3       94 2719.7507 1180.7382  0.00000  0.00000
   3      103 2446.6518 1234.8204  0.00000  0.00000
   3       49 3754.8577 1239.1345  0.00000  0.00000
   3      112 2185.1315 1289.7123  0.00000  0.00000
   3       59 3438.1080 1299.1665  0.00000  0.00000
   3      118 1931.8240 1342.5492  0.00000  0.00000
   3       69 3135.0688 1358.4173  0.00000  0.00000
   3       15 4642.2665 1378.9315  0.00000  0.00000
   3      123 1684.8563 1392.8859  0.00000  0.00000
   3       79 2843.1382 1415.2801  0.00000  0.00000
   3       25 4276.1616 1439.9149  0.00000  0.00000
   3       88 2560.4585 1468.3280  0.00000  0.00000
   3       33 3927.0116 1497.9345  0.00000  0.00000
   3       98 2290.1341 1521.6854  0.00000  0.00000
   3       44 3595.7145 1555.4574  0.00000  0.00000
   3      107 2026.6600 1571.3864  0.00000  0.00000
   3       53 3279.1618 1611.7443  0.00000  0.00000
   3      115 1771.7835 1619.3683  0.00000  0.00000
   3       63 2974.0694 1663.9092  0.00000  0.00000
   3      120 1522.8660 1665.1238  0.00000  0.00000
   3       73 2680.3712 1715.2092  0.00000  0.00000
   3       12 4483.8651 1726.7442  0.00000  0.00000
   3       83 2398.9323 1765.2765  0.00000  0.00000
   3       20 4118.4612 1782.5571  0.00000  0.00000
   3       93 2125.7140 1812.6365  0.00000  0.00000
   3       29 3769.2277 1834.1404  0.00000  0.00000
   3      102 1859.6653 1856.7480  0.00000  0.00000
   3       38 3436.7313 1885.1626  0.00000  0.00000
   3      146 1602.9723 1900.5836  0.00000  0.00000
   3       48 3119.2165 1935.3609  0.00000  0.00000
   3      117 1355.4564 1944.8768  0.00000  0.00000
   3       58 2813.4771 1982.5434  0.00000  0.00000
   3       68 2518.3014 2028.5321  0.00000  0.00000
   3       78 2234.5486 2072.7365  0.00000  0.00000
   3       10 4321.2862 2084.9606  0.00000  0.00000
   3       87 1959.8577 2115.2638  0.00000  0.00000
   3       16 3955.6059 2133.8479  0.00000  0.00000
   3       97 1693.5041 2156.0452  0.00000  0.00000
   3       24 3603.8855 2177.7732  0.00000  0.00000
   3      154 1435.4515 2195.4065  0.00000  0.00000
   3       34 3272.0219 2223.9122  0.00000  0.00000
   3      114 1184.3212 2234.2830  0.00000  0.00000
   3       43 2950.6825 2265.3992  0.00000  0.00000
   3       52 2642.5569 2305.7902  0.00000  0.00000
   3       62 2347.7341 2348.4878  0.00000  0.00000
   3       72 2061.9316 2387.7788  0.00000  0.00000
   3       82 1785.5219 2424.9889  0.00000  0.00000
   3     2022 4155.1914 2454.4446  0.00000  0.00000
   3       92 1517.8946 2461.8092  0.00000  0.00000
   3       13 3787.8598 2495.6490  0.00000  0.00000
   3      163 1257.5794 2496.4227  0.00000  0.00000
   3       19 3436.6233 2534.1011  0.00000  0.00000
   3      110 1006.2624 2532.4255  0.00000  0.00000
   3       28 3102.2983 2572.9719  0.00000  0.00000
   3       37 2780.0345 2608.8518  0.00000  0.00000
   3       47 2469.6006 2643.2831  0.00000  0.00000
   3       57 2171.9193 2679.2207  0.00000  0.00000
   3       67 1885.5450 2714.0108  0.00000  0.00000
   3       77 1603.7777 2742.8787  0.00000  0.00000
   3       86 1334.0676 2775.1064  0.00000  0.00000
   3       96 1070.7057 2804.5850  0.00000  0.00000
   3        4 3985.1229 2836.9441  0.00000  0.00000
   3     2015  818.9224 2837.8032  0.00000  0.00000
   3     2012 3616.1302 2870.9786  0.00000  0.00000
   3       23 2926.9761 2933.9502  0.00000  0.00000
   3       32 2602.3552 2963.1383  0.00000  0.00000
   3       42 2290.0329 2991.4378  0.00000  0.00000
   3       51 1991.7548 3023.0064  0.00000  0.00000
   3       61 1701.0151 3051.0394  0.00000  0.00000
   3       71 1418.7675 3076.2806  0.00000  0.00000
   3       91  884.9935 3131.6380  0.00000  0.00000
   3      752  629.0291 3158.1928  0.00000  0.00000
   3        2 3806.3874 3231.3166  0.00000  0.00000
   3        6 3437.4454 3259.1972  0.00000  0.00000
   3       11 3083.1247 3283.8626  0.00000  0.00000
   3       17 2744.8475 3308.9032  0.00000  0.00000
   3       26 2417.8383 3331.4908  0.00000  0.00000
   3      252 2101.9739 3352.6532  0.00000  0.00000
   3       46 1800.6282 3377.1628  0.00000  0.00000
   3      214 1509.1736 3400.7629  0.00000  0.00000
   3      207 1228.2410 3424.6589  0.00000  0.00000
   3       76  951.9539 3445.0139  0.00000  0.00000
   3      620  687.8871 3468.0773  0.00000  0.00000
   3      621  428.5618 3489.1650  0.00000  0.00000
   3      253 3623.5138 3643.9288  0.00000  0.00000
   3        3 3247.7571 3659.0154  0.00000  0.00000
   3        8 2894.4518 3679.5326  0.00000  0.00000
   3       14 2551.3837 3694.5694  0.00000  0.00000
   3       21 2224.8581 3713.9490  0.00000  0.00000
   4     1004 3266.5373  930.3715  0.00000  0.00000
   4     1002  865.3473 1444.6662  0.00000  0.00000
   4     1003 4725.5052 2099.7280  0.00000  0.00000
   4     1001 2079.1181 2787.4735  0.00000  0.00000
   4      362 3525.8147  518.7867  0.00000  0.00000
   4      363 3224.1705  583.7676  0.00000  0.00000
   4      364 2917.5006  647.3137  0.00000  0.00000
   4      621 3705.0931  652.7242  0.00000  0.00000
   4      366 2604.8971  715.0187  0.00000  0.00000
   4      620 3399.2024  720.3666  0.00000  0.00000
   4       50 2286.0360  777.8494  0.00000  0.00000
   4       76 3089.0180  785.6941  0.00000  0.00000
   4      752 3890.5123  791.2294  0.00000  0.00000
   4       41 1960.2337  845.5054  0.00000  0.00000
   4      207 2772.6178  856.0615  0.00000  0.00000
   4       91 3580.8326  859.9519  0.00000  0.00000
   4       31 1626.2902  911.8975  0.00000  0.00000
   4      214 2450.3334  922.3886  0.00000  0.00000
   4     2015 4083.1266  931.7428  0.00000  0.00000
   4       21 1283.5694  979.5428  0.00000  0.00000
   4       46 2120.8799  990.8331  0.00000  0.00000
   4       71 2946.3734  998.0604  0.00000  0.00000
   4       96 3769.2750  999.9951  0.00000  0.00000
   4       14  931.4115 1045.9908  0.00000  0.00000
   4      252 1783.1431 1059.4900  0.00000  0.00000
   4       61 2620.0538 1071.9041  0.00000  0.00000
   4       86 3450.5127 1074.5877  0.00000  0.00000
   4      110 4283.2281 1083.4567  0.00000  0.00000
   4        8  568.9764 1117.5936  0.00000  0.00000
   4       26 1436.9461 1133.2816  0.00000  0.00000
   4       51 2286.5789 1144.6164  0.00000  0.00000
   4       77 3125.9524 1147.3481  0.00000  0.00000
   4      163 3964.2807 1155.8923  0.00000  0.00000
   4        3  194.4843 1184.6726  0.00000  0.00000
   4       17 1081.3105 1207.1547  0.00000  0.00000
   4       42 1945.2381 1215.2265  0.00000  0.00000
   4       67 2795.4324 1226.2886  0.00000  0.00000
   4       92 3641.1911 1231.9347  0.00000  0.00000
   4      114 4491.7513 1237.4885  0.00000  0.00000
   4       11  714.9396 1279.2773  0.00000  0.00000
   4       32 1595.1485 1290.9646  0.00000  0.00000
   4       57 2458.3994 1299.4837  0.00000  0.00000
   4       82 3312.4358 1307.4818  0.00000  0.00000
   4      154 4168.0246 1314.3675  0.00000  0.00000
   4        6  336.8752 1354.5506  0.00000  0.00000
   4       23 1235.6537 1368.4034  0.00000  0.00000
   4       47 2112.7702 1374.6534  0.00000  0.00000
   4       72 2977.5227 1384.4685  0.00000  0.00000
   4       97 3839.7893 1392.3950  0.00000  0.00000
   4      117 4709.1776 1396.5419  0.00000  0.00000
   4       37 1758.6686 1453.9156  0.00000  0.00000
   4       62 2635.8579 1462.1722  0.00000  0.00000
   4       87 3506.1114 1471.3545  0.00000  0.00000
   4      146 4380.5857 1473.7660  0.00000  0.00000
   4     2012  483.1989 1524.7026  0.00000  0.00000
   4       28 1395.1514 1534.1952  0.00000  0.00000
   4       52 2286.2547 1539.1103  0.00000  0.00000
   4       78 3166.5510 1550.8753  0.00000  0.00000
   4      102 4046.9447 1554.3360  0.00000  0.00000
   4      120 4936.5409 1564.6692  0.00000  0.00000
   4        4   87.7023 1604.9114  0.00000  0.00000
   4       19 1020.4140 1613.9505  0.00000  0.00000
   4       43 1927.9828 1621.1766  0.00000  0.00000
   4       68 2820.6168 1631.6798  0.00000  0.00000
   4       93 3708.1539 1637.8746  0.00000  0.00000
   4      115 4601.4369 1648.3209  0.00000  0.00000
   4       13  634.3261 1698.5211  0.00000  0.00000
   4       34 1560.0772 1706.2482  0.00000  0.00000
   4       58 2466.1107 1714.5857  0.00000  0.00000
   4       83 3363.1182 1720.4028  0.00000  0.00000
   4      107 4262.7876 1731.7736  0.00000  0.00000
   4      123 5174.3130 1739.8568  0.00000  0.00000
   4     2022  234.1266 1783.8875  0.00000  0.00000
   4       24 1180.9866 1788.9766  0.00000  0.00000
   4       48 2103.4675 1799.0614  0.00000  0.00000
   4       73 3012.4475 1803.0464  0.00000  0.00000
   4       98 3918.3997 1816.4947  0.00000  0.00000
   4      118 4833.7034 1825.6374  0.00000  0.00000
   4       16  790.3972 1880.0275  0.00000  0.00000
   4       38 1731.0223 1884.3664  0.00000  0.00000
   4       63 2653.2393 1889.4879  0.00000  0.00000
   4       88 3568.6856 1900.1707  0.00000  0.00000
   4      112 4488.9166 1910.9911  0.00000  0.00000
   4      128 5424.1237 1920.3350  0.00000  0.00000
   4       10  385.8298 1969.7531  0.00000  0.00000
   4       29 1347.3486 1973.7150  0.00000  0.00000
   4       53 2285.6588 1978.5949  0.00000  0.00000
   4       79 3212.2100 1989.2256  0.00000  0.00000
   4      103 4138.6640 1997.8446  0.00000  0.00000
   4      121 5076.5766 2010.5080  0.00000  0.00000
   4       20  951.8425 2068.1101  0.00000  0.00000
   4       44 1908.2217 2067.9419  0.00000  0.00000
   4       69 2847.8798 2078.5724  0.00000  0.00000
   4       94 3782.7764 2090.2932  0.00000  0.00000
   4       33 1519.5526 2161.3216  0.00000  0.00000
   4       12  542.4432 2163.3871  0.00000  0.00000
   4       59 2474.8294 2169.5485  0.00000  0.00000
   4       84 3420.8288 2178.3224  0.00000  0.00000
   4      108 4369.0723 2190.1241  0.00000  0.00000
   4      124 5332.6308 2204.8321  0.00000  0.00000
   4       25 1119.3261 2261.1499  0.00000  0.00000
   4       49 2092.6152 2265.7294  0.00000  0.00000
   4       74 3051.1548 2272.1905  0.00000  0.00000
   4       99 4006.8608 2285.7308  0.00000  0.00000
   4      119 4974.6769 2298.2451  0.00000  0.00000
   4       40 1698.8395 2363.2883  0.00000  0.00000
   4       15  704.6365 2364.1154  0.00000  0.00000
   4       64 2672.2054 2366.9143  0.00000  0.00000
   4       89 3638.7237 2379.7344  0.00000  0.00000
   4      138 4610.9161 2394.9374  0.00000  0.00000
   4       30 1293.1508 2467.4190  0.00000  0.00000
   4       55 2284.4469 2468.6505  0.00000  0.00000
   4       80 3263.0581 2475.2437  0.00000  0.00000
   4      144 4242.3568 2491.7922  0.00000  0.00000
   4      122 5236.4001 2507.7633  0.00000  0.00000
   4       45 1885.1179 2569.7744  0.00000  0.00000
   4       18  872.8242 2573.0557  0.00000  0.00000
   4       70 2878.3949 2574.9939  0.00000  0.00000
   4       95 3867.5606 2588.2745  0.00000  0.00000
   4      116 4865.8924 2603.4319  0.00000  0.00000
   4       35 1473.5151 2679.3624  0.00000  0.00000
   4       60 2484.5868 2680.8247  0.00000  0.00000
   4       85 3485.1942 2688.6371  0.00000  0.00000
   4      109 4489.8143 2705.9681  0.00000  0.00000
   4       22 1047.5256 2788.2662  0.00000  0.00000
   4       75 3094.2801 2793.9856  0.00000  0.00000
   4      100 4107.5291 2809.5345  0.00000  0.00000
   4       39 1661.5641 2900.9217  0.00000  0.00000
   4       65 2693.8201 2903.2797  0.00000  0.00000
   4       90 3717.9851 2916.4931  0.00000  0.00000
   4       54 2281.9692 3015.2064  0.00000  0.00000
   4     2006 1229.2714 3017.1328  0.00000  0.00000
   4      153 3320.1381 3023.0103  0.00000  0.00000
   4      500 1857.7521 3132.3814  0.00000  0.00000
   4      161 2912.8287 3138.9217  0.00000  0.00000
   4      498 1418.9860 3258.5842  0.00000  0.00000
   4      494 2493.9709 3258.5631  0.00000  0.00000
   4      495 2063.1540 3380.5663  0.00000  0.00000
   4      496 1616.8053 3503.6424  0.00000  0.00000
   5     1003 3995.8565  458.8790  0.00000  0.00000
   5     1004 2121.8691  774.5011  0.00000  0.00000
   5     1001 2723.3146 2913.7376  0.00000  0.00000
   5     1002  871.3019 2934.0002  0.00000  0.00000
   5      114 3185.6276   57.5639  0.00000  0.00000
   5      124 4483.4598   72.4147  0.00000  0.00000
   5      110 2927.8339  111.2973  0.00000  0.00000
   5      121 4164.5882  135.2144  0.00000  0.00000
   5     2015 2677.4780  159.8695  0.00000  0.00000
   5      118 3861.3377  194.3445  0.00000  0.00000
   5      752 2440.0180  210.7103  0.00000  0.00000
   5      115 3570.6561  250.4395  0.00000  0.00000
   5      621 2208.6756  257.3442  0.00000  0.00000
   5      146 3289.2815  299.7573  0.00000  0.00000
   5      362 1985.0156  302.3989  0.00000  0.00000
   5      122 4646.6786  347.4038  0.00000  0.00000
   5      154 3025.2378  352.6805  0.00000  0.00000
   5      163 2766.9389  399.9561  0.00000  0.00000
   5      119 4312.9688  404.2725  0.00000  0.00000
   5       96 2516.4527  442.1512  0.00000  0.00000
   5       91 2282.0266  490.1750  0.00000  0.00000
   5      112 3693.4756  510.8935  0.00000  0.00000
   5      620 2052.3342  533.4319  0.00000  0.00000
   5      107 3405.2807  561.1949  0.00000  0.00000
   5      363 1829.1592  573.5287  0.00000  0.00000
   5      102 3125.1609  604.7698  0.00000  0.00000
   5       97 2862.0588  652.3430  0.00000  0.00000
   5      116 4469.8708  689.8663  0.00000  0.00000
   5       92 2605.6275  694.5613  0.00000  0.00000
   5       86 2356.7028  732.4655  0.00000  0.00000
   5      138 4141.1934  742.4847  0.00000  0.00000
   5      108 3823.3529  787.8208  0.00000  0.00000
   5       76 1891.0443  811.0117  0.00000  0.00000
   5      103 3522.7471  832.6086  0.00000  0.00000
   5      364 1668.7217  847.4054  0.00000  0.00000
   5       98 3236.6066  877.2818  0.00000  0.00000
   5       93 2958.9949  916.0634  0.00000  0.00000
   5       87 2695.8470  956.7008  0.00000  0.00000
   5       82 2439.7272  992.9123  0.00000  0.00000
   5       77 2191.4157 1025.9546  0.00000  0.00000
   5      109 4293.9293 1041.3994  0.00000  0.00000
   5       71 1955.5435 1061.2304  0.00000  0.00000
   5      144 3965.4121 1085.0660  0.00000  0.00000
   5      207 1728.9141 1097.0879  0.00000  0.00000
   5       99 3651.1587 1124.6221  0.00000  0.00000
   5      366 1506.7821 1128.9953  0.00000  0.00000
   5       94 3351.8350 1162.7970  0.00000  0.00000
   5       88 3063.1931 1196.8996  0.00000  0.00000
   5       83 2787.9071 1231.2021  0.00000  0.00000
   5       78 2525.6781 1265.9380  0.00000  0.00000
   5       72 2270.6317 1297.0930  0.00000  0.00000
   5       67 2026.4028 1328.3978  0.00000  0.00000
   5       61 1789.1893 1357.2848  0.00000  0.00000
   5      214 1559.3699 1385.0267  0.00000  0.00000
   5      100 4114.3764 1398.4020  0.00000  0.00000
   5       50 1336.7791 1411.9160  0.00000  0.00000
   5       95 3785.4540 1431.3896  0.00000  0.00000
   5       89 3473.3198 1464.6589  0.00000  0.00000
   5       84 3173.6530 1494.1588  0.00000  0.00000
   5       79 2888.9810 1525.1099  0.00000  0.00000
   5       73 2612.3102 1551.2324  0.00000  0.00000
   5       68 2351.6718 1581.2955  0.00000  0.00000
   5       62 2097.1656 1606.9737  0.00000  0.00000
   5       57 1852.1520 1631.9662  0.00000  0.00000
   5       51 1617.0701 1657.7245  0.00000  0.00000
   5       46 1386.2995 1679.7506  0.00000  0.00000
   5       41 1165.5059 1703.3638  0.00000  0.00000
   5       90 3932.0495 1763.2079  0.00000  0.00000
   5       85 3602.4511 1786.8439  0.00000  0.00000
   5       80 3291.1029 1811.6620  0.00000  0.00000
   5       74 2994.0078 1835.6104  0.00000  0.00000
   5       69 2709.2443 1859.5821  0.00000  0.00000
   5       63 2433.5170 1879.9854  0.00000  0.00000
   5       58 2173.2753 1904.3079  0.00000  0.00000
   5       52 1917.1143 1922.5454  0.00000  0.00000
   5       47 1673.4785 1943.3407  0.00000  0.00000
   5       42 1437.3588 1963.1352  0.00000  0.00000
   5      252 1207.4960 1981.0390  0.00000  0.00000
   5       31  987.0324 2000.5533  0.00000  0.00000
   5      153 3743.5493 2134.0507  0.00000  0.00000
   5       75 3417.7407 2151.6977  0.00000  0.00000
   5       70 3106.1033 2168.1280  0.00000  0.00000
   5       64 2808.2230 2184.9646  0.00000  0.00000
   5       59 2524.4352 2202.2345  0.00000  0.00000
   5       53 2250.6137 2217.4178  0.00000  0.00000
   5       48 1989.9729 2234.8129  0.00000  0.00000
   5       43 1734.7163 2248.3956  0.00000  0.00000
   5       37 1491.6584 2263.9968  0.00000  0.00000
   5       32 1255.3569 2278.3299  0.00000  0.00000
   5       26 1026.2814 2292.4638  0.00000  0.00000
   5       21  803.6829 2305.0011  0.00000  0.00000
   5      161 3555.1275 2518.7424  0.00000  0.00000
   5       65 3228.5408 2526.8438  0.00000  0.00000
   5       60 2918.2013 2536.4579  0.00000  0.00000
   5       55 2621.5787 2545.8872  0.00000  0.00000
   5       49 2337.0411 2555.0762  0.00000  0.00000
   5       44 2060.9204 2562.2124  0.00000  0.00000
   5       38 1800.3021 2573.4786  0.00000  0.00000
   5       34 1547.7235 2583.4962  0.00000  0.00000
   5       28 1303.6101 2592.9787  0.00000  0.00000
   5       23 1067.8192 2602.1536  0.00000  0.00000
   5       17  838.4377 2611.0648  0.00000  0.00000
   5       14  612.1845 2616.1696  0.00000  0.00000
   5       54 3033.4607 2912.5759  0.00000  0.00000
   5      494 3361.1320 2914.6045  0.00000  0.00000
   5       45 2426.0165 2914.8975  0.00000  0.00000
   5       40 2142.1497 2917.9414  0.00000  0.00000
   5       33 1866.2633 2918.3364  0.00000  0.00000
   5       29 1605.4616 2923.4938  0.00000  0.00000
   5       24 1350.9106 2925.4791  0.00000  0.00000
   5       19 1107.2195 2930.0075  0.00000  0.00000
   5       11  641.3739 2936.9580  0.00000  0.00000
   5        8  417.0460 2939.0875  0.00000  0.00000
   5        3  209.6314 3268.3636  0.00000  0.00000
   5        6  438.0788 3274.3955  0.00000  0.00000
   5     2012  669.2924 3277.1915  0.00000  0.00000
   5       13  906.1122 3279.3076  0.00000  0.00000
   5       16 1151.8181 3282.7400  0.00000  0.00000
   5       20 1406.1276 3286.0220  0.00000  0.00000
   5       25 1667.8892 3288.4809  0.00000  0.00000
   5       30 1943.6411 3294.7074  0.00000  0.00000
   5       35 2228.2185 3299.3836  0.00000  0.00000
   5       39 2524.4196 3305.1915  0.00000  0.00000
   5      500 2833.3036 3311.2465  0.00000  0.00000
   5      495 3160.4718 3321.8554  0.00000  0.00000
   5        2  223.6866 3620.9658  0.00000  0.00000
   5        4  457.7074 3631.2544  0.00000  0.00000
   5     2022  695.5820 3639.9291  0.00000  0.00000
   5       10  941.8679 3649.5508  0.00000  0.00000
   5       12 1197.3620 3660.0740  0.00000  0.00000
   5       15 1461.7093 3671.6479  0.00000  0.00000
   5       18 1736.0273 3683.7563  0.00000  0.00000
   5       22 2019.4018 3694.4985  0.00000  0.00000
   5     2006 2317.0622 3710.2137  0.00000  0.00000
   6     1001 3821.5436 1036.1629  0.00000  0.00000
   6     1003 1182.5028 1495.0698  0.00000  0.00000
   6     1002 5074.7811 2441.5953  0.00000  0.00000
   6     1004 2037.0672 3054.0198  0.00000  0.00000
   6      496 4218.3281  584.5688  0.00000  0.00000
   6      495 3875.7460  648.5160  0.00000  0.00000
   6      494 3531.0989  709.1575  0.00000  0.00000
   6      498 4372.6068  748.2136  0.00000  0.00000
   6      161 3182.6352  767.2274  0.00000  0.00000
   6      500 4024.2983  806.1258  0.00000  0.00000
   6      153 2830.2576  825.0245  0.00000  0.00000
   6       54 3673.2212  867.7552  0.00000  0.00000
   6       90 2472.9763  887.4773  0.00000  0.00000
   6     2006 4534.2020  910.9507  0.00000  0.00000
   6       65 3318.7480  929.6599  0.00000  0.00000
   6      100 2109.9675  947.7433  0.00000  0.00000
   6       39 4178.9610  974.1473  0.00000  0.00000
   6       75 2960.3947  990.9050  0.00000  0.00000
   6      109 1740.7683 1008.1409  0.00000  0.00000
   6       85 2597.2067 1052.6052  0.00000  0.00000
   6      116 1363.7690 1067.5026  0.00000  0.00000
   6       22 4702.5593 1080.4644  0.00000  0.00000
   6       60 3460.7097 1100.2089  0.00000  0.00000
   6       95 2228.2133 1117.0999  0.00000  0.00000
   6      122  978.4797 1131.7485  0.00000  0.00000
   6       35 4340.0916 1147.3658  0.00000  0.00000
   6       70 3096.0085 1162.6463  0.00000  0.00000
   6      144 1853.0849 1182.7779  0.00000  0.00000
   6      127  583.6432 1186.8895  0.00000  0.00000
   6       45 3976.2733 1210.1684  0.00000  0.00000
   6       80 2726.4948 1227.7679  0.00000  0.00000
   6      138 1470.3164 1246.5624  0.00000  0.00000
   6      125  177.8597 1250.6601  0.00000  0.00000
   6       18 4879.1437 1260.7717  0.00000  0.00000
   6       55 3608.5254 1277.4099  0.00000  0.00000
   6       89 2351.3873 1295.3476  0.00000  0.00000
   6      119 1078.6184 1309.2546  0.00000  0.00000
   6       30 4509.2727 1327.9365  0.00000  0.00000
   6       64 3237.3112 1341.6531  0.00000  0.00000
   6       99 1969.8764 1362.4841  0.00000  0.00000
   6      124  677.7389 1374.3904  0.00000  0.00000
   6       40 4137.6012 1393.3397  0.00000  0.00000
   6       74 2861.0555 1409.8503  0.00000  0.00000
   6      108 1580.4389 1426.6206  0.00000  0.00000
   6      126  265.2686 1438.3135  0.00000  0.00000
   6       15 5064.0187 1446.3930  0.00000  0.00000
   6       49 3763.0633 1461.9467  0.00000  0.00000
   6       84 2479.0933 1478.0714  0.00000  0.00000
   6       25 4686.5297 1513.3871  0.00000  0.00000
   6       59 3384.4035 1529.8513  0.00000  0.00000
   6       94 2091.1120 1550.0117  0.00000  0.00000
   6      121  774.8326 1564.2098  0.00000  0.00000
   6       33 4307.1905 1580.5699  0.00000  0.00000
   6       69 3001.2420 1600.4663  0.00000  0.00000
   6      103 1694.9795 1616.6706  0.00000  0.00000
   6      128  355.8337 1632.4657  0.00000  0.00000
   6       12 5258.6874 1639.8790  0.00000  0.00000
   6       44 3924.7293 1651.3967  0.00000  0.00000
   6       79 2612.3797 1672.1975  0.00000  0.00000
   6      112 1289.9094 1688.5399  0.00000  0.00000
   6       20 4872.2526 1711.7969  0.00000  0.00000
   6       53 3538.3535 1724.3370  0.00000  0.00000
   6       88 2217.1764 1742.6396  0.00000  0.00000
   6      118  875.6730 1761.6092  0.00000  0.00000
   6       29 4484.5303 1782.3148  0.00000  0.00000
   6       63 3147.6292 1795.8390  0.00000  0.00000
   6       98 1814.1958 1817.7948  0.00000  0.00000
   6      123  449.4284 1835.1056  0.00000  0.00000
   6       10 5463.9028 1842.6050  0.00000  0.00000
   6       38 4093.5115 1855.5748  0.00000  0.00000
   6       73 2751.2190 1869.7526  0.00000  0.00000
   6      107 1401.8595 1891.9703  0.00000  0.00000
   6       16 5067.8976 1917.8558  0.00000  0.00000
   6       48 3699.1593 1931.3486  0.00000  0.00000
   6       83 2348.6372 1946.2232  0.00000  0.00000
   6      115  979.9165 1967.5554  0.00000  0.00000
   6       24 4671.1475 1989.7191  0.00000  0.00000
   6       58 3300.3382 2006.7284  0.00000  0.00000
   6       93 1938.3358 2022.5899  0.00000  0.00000
   6      120  545.7989 2043.8322  0.00000  0.00000
   6       34 4271.2790 2068.1392  0.00000  0.00000
   6       68 2896.3961 2083.7767  0.00000  0.00000
   6      102 1518.0175 2098.3036  0.00000  0.00000
   6       13 5274.1168 2133.3105  0.00000  0.00000
   6       43 3868.4624 2143.1536  0.00000  0.00000
   6       78 2486.1365 2162.0991  0.00000  0.00000
   6      146 1088.1724 2177.5951  0.00000  0.00000
   6       19 4867.5409 2210.2383  0.00000  0.00000
   6       52 3461.3355 2220.3125  0.00000  0.00000
   6       87 2067.5610 2241.9811  0.00000  0.00000
   6      117  645.7274 2262.0374  0.00000  0.00000
   6       28 4458.3054 2290.6642  0.00000  0.00000
   6       62 3048.3991 2303.3167  0.00000  0.00000
   6       97 1639.4499 2323.0806  0.00000  0.00000
   6     2012 5491.8177 2361.3820  0.00000  0.00000
   6       37 4046.1765 2369.6442  0.00000  0.00000
   6       72 2629.6122 2385.1924  0.00000  0.00000
   6      154 1201.3504 2406.3409  0.00000  0.00000
   6       47 3629.7597 2449.4815  0.00000  0.00000
   6       82 2202.5327 2468.1741  0.00000  0.00000
   6      114  750.2078 2492.8524  0.00000  0.00000
   6       23 4655.6817 2524.6847  0.00000  0.00000
   6       57 3208.1742 2534.1990  0.00000  0.00000
   6       92 1766.1878 2554.1946  0.00000  0.00000
   6       32 4233.4146 2606.2672  0.00000  0.00000
   6       67 2780.0039 2621.4244  0.00000  0.00000
   6      163 1319.1419 2640.9477  0.00000  0.00000
   6       11 5295.4684 2684.4634  0.00000  0.00000
   6       42 3807.4823 2689.6420  0.00000  0.00000
   6       77 2343.9302 2702.9225  0.00000  0.00000
   6      110  859.0157 2734.3173  0.00000  0.00000
   6       17 4864.0144 2771.1045  0.00000  0.00000
   6       51 3375.7046 2779.6974  0.00000  0.00000
   6       86 1898.3440 2793.1316  0.00000  0.00000
   6       26 4431.3813 2856.1088  0.00000  0.00000
   6       61 2938.1819 2867.9183  0.00000  0.00000
   6       96 1442.0055 2883.0891  0.00000  0.00000
   6        8 5528.8365 2938.7690  0.00000  0.00000
   6      252 3994.6481 2941.3809  0.00000  0.00000
   6       71 2492.5429 2956.2021  0.00000  0.00000
   6     2015  972.6152 2983.5804  0.00000  0.00000
   6       14 5086.8294 3025.5259  0.00000  0.00000
   6       46 3552.6727 3034.2365  0.00000  0.00000
   6       21 4641.7871 3118.9857  0.00000  0.00000
   6      214 3105.0293 3128.4172  0.00000  0.00000
   6       91 1571.2942 3150.8650  0.00000  0.00000
   6       31 4193.2035 3211.5426  0.00000  0.00000
   6      207 2649.0780 3226.9326  0.00000  0.00000
   6      752 1091.0796 3253.6898  0.00000  0.00000
   6       41 3740.2099 3307.9767  0.00000  0.00000
   6       76 2183.3161 3323.2196  0.00000  0.00000
   6       50 3281.1458 3404.1924  0.00000  0.00000
   6      620 1706.2813 3429.0972  0.00000  0.00000
   6      366 2814.0818 3508.7632  0.00000  0.00000
   6      621 1215.2742 3535.9784  0.00000  0.00000
   6      364 2336.8458 3610.6328  0.00000  0.00000
   7     1002 3896.1984  311.7259  0.00000  0.00000
   7     1001 2121.2132  594.2250  0.00000  0.00000
   7     1003 1097.5095 3105.2797  0.00000  0.00000
   7     1004 2799.0947 3233.0473  0.00000  0.00000
   7       20 3211.0864   76.4147  0.00000  0.00000
   7       25 2955.9570  123.4994  0.00000  0.00000
   7       30 2715.3010  170.7558  0.00000  0.00000
   7        8 4521.4264  204.7041  0.00000  0.00000
   7       35 2482.0158  213.9128  0.00000  0.00000
   7       39 2258.2102  254.6644  0.00000  0.00000
   7       11 4201.2922  260.3913  0.00000  0.00000
   7      500 2041.5833  292.7921  0.00000  0.00000
   7      495 1836.5269  331.4395  0.00000  0.00000
   7       19 3605.2248  359.2016  0.00000  0.00000
   7       24 3328.2965  402.6769  0.00000  0.00000
   7       29 3065.9135  445.8853  0.00000  0.00000
   7       33 2812.2603  484.0763  0.00000  0.00000
   7       40 2574.1247  523.7190  0.00000  0.00000
   7       45 2342.2487  559.3854  0.00000  0.00000
   7       14 4362.4910  626.7138  0.00000  0.00000
   7       54 1907.5017  626.8736  0.00000  0.00000
   7      494 1704.8474  659.4870  0.00000  0.00000
   7       17 4047.9624  673.3958  0.00000  0.00000
   7       23 3745.1835  713.9369  0.00000  0.00000
   7       28 3457.4300  751.3183  0.00000  0.00000
   7       34 3183.3063  786.3609  0.00000  0.00000
   7       38 2921.0861  819.3203  0.00000  0.00000
   7       44 2669.4185  849.5667  0.00000  0.00000
   7       49 2433.2808  881.5873  0.00000  0.00000
   7       55 2204.0930  910.5050  0.00000  0.00000
   7       60 1983.8761  937.7119  0.00000  0.00000
   7       65 1771.3360  964.3286  0.00000  0.00000
   7      161 1568.5258  989.7888  0.00000  0.00000
   7       21 4206.9440 1055.2800  0.00000  0.00000
   7       26 3891.3365 1087.7079  0.00000  0.00000
   7       32 3591.1579 1117.5279  0.00000  0.00000
   7       37 3306.1912 1145.4221  0.00000  0.00000
   7       43 3033.3362 1170.8118  0.00000  0.00000
   7       48 2775.9933 1197.2879  0.00000  0.00000
   7       53 2526.0924 1219.4151  0.00000  0.00000
   7       59 2289.3917 1242.3521  0.00000  0.00000
   7       64 2060.6664 1263.1170  0.00000  0.00000
   7       70 1842.4192 1283.9791  0.00000  0.00000
   7       75 1632.0815 1304.8306  0.00000  0.00000
   7      153 1429.2235 1323.6562  0.00000  0.00000
   7       31 4048.4651 1486.0868  0.00000  0.00000
   7      252 3732.4151 1505.5465  0.00000  0.00000
   7       42 3435.9129 1525.4378  0.00000  0.00000
   7       47 3152.7631 1543.6852  0.00000  0.00000
   7       52 2882.3137 1560.0947  0.00000  0.00000
   7       58 2627.8742 1578.4696  0.00000  0.00000
   7       63 2378.5903 1592.3022  0.00000  0.00000
   7       69 2145.1303 1608.4035  0.00000  0.00000
   7       74 1918.1007 1621.9315  0.00000  0.00000
   7       80 1699.8897 1636.6626  0.00000  0.00000
   7       85 1490.2675 1649.5661  0.00000  0.00000
   7       90 1291.2630 1664.0499  0.00000  0.00000
   7       41 3889.7700 1923.9019  0.00000  0.00000
   7       46 3576.4293 1932.0031  0.00000  0.00000
   7       51 3283.0383 1941.7917  0.00000  0.00000
   7       57 3000.3424 1949.0342  0.00000  0.00000
   7       62 2732.6119 1957.6346  0.00000  0.00000
   7       68 2477.4083 1965.9728  0.00000  0.00000
   7       73 2229.7587 1970.9910  0.00000  0.00000
   7       79 1998.1094 1980.1398  0.00000  0.00000
   7       84 1771.3425 1986.6385  0.00000  0.00000
   7       89 1556.7826 1994.2631  0.00000  0.00000
   7       95 1347.4696 2000.9228  0.00000  0.00000
   7      100 1147.9612 2008.0426  0.00000  0.00000
   7       88 1845.9004 2356.9873  0.00000  0.00000
   7       83 2078.9068 2357.0627  0.00000  0.00000
   7       94 1624.4939 2357.9569  0.00000  0.00000
   7       78 2324.2111 2359.4454  0.00000  0.00000
   7       72 2578.1454 2359.8401  0.00000  0.00000
   7      109 1000.9097 2357.6129  0.00000  0.00000
   7      144 1202.0528 2358.1028  0.00000  0.00000
   7       99 1408.9467 2357.8457  0.00000  0.00000
   7       67 2845.5378 2362.1075  0.00000  0.00000
   7       61 3124.4689 2362.8784  0.00000  0.00000
   7      214 3417.8859 2364.2714  0.00000  0.00000
   7       50 3727.2226 2366.4230  0.00000  0.00000
   7      116  848.3712 2713.4501  0.00000  0.00000
   7      138 1050.1594 2721.1125  0.00000  0.00000
   7      108 1253.9913 2726.3493  0.00000  0.00000
   7      103 1468.0119 2733.7256  0.00000  0.00000
   7       98 1693.3984 2742.5217  0.00000  0.00000
   7       93 1923.3701 2749.8223  0.00000  0.00000
   7       87 2167.6692 2760.3657  0.00000  0.00000
   7       82 2419.6492 2769.9815  0.00000  0.00000
   7       77 2681.1137 2778.3196  0.00000  0.00000
   7       71 2960.7700 2791.0952  0.00000  0.00000
   7      207 3257.7426 2806.1528  0.00000  0.00000
   7      366 3566.5858 2820.4559  0.00000  0.00000
   7      122  695.2823 3078.9867  0.00000  0.00000
   7      119  892.2886 3091.2366  0.00000  0.00000
   7      112 1310.7749 3119.8237  0.00000  0.00000
   7      107 1534.0502 3136.3697  0.00000  0.00000
   7      102 1761.3184 3150.7843  0.00000  0.00000
   7       97 2006.1424 3170.7288  0.00000  0.00000
   7       92 2257.8958 3189.8612  0.00000  0.00000
   7       86 2518.0202 3208.3732  0.00000  0.00000
   7       76 3089.3584 3256.1601  0.00000  0.00000
   7      364 3397.1453 3283.0840  0.00000  0.00000
   7      127  528.7141 3447.6818  0.00000  0.00000
   7      124  731.0056 3470.5925  0.00000  0.00000
   7      121  936.2824 3492.0567  0.00000  0.00000
   7      118 1149.1025 3514.9116  0.00000  0.00000
   7      115 1370.3575 3539.0981  0.00000  0.00000
   7      146 1596.6709 3561.9069  0.00000  0.00000
   7      154 1840.4014 3590.9740  0.00000  0.00000
   7      163 2090.5012 3619.3781  0.00000  0.00000
   7       96 2348.4807 3647.0840  0.00000  0.00000
   7       91 2630.3487 3683.7736  0.00000  0.00000

   1    1     1002 
   2    1     1001 
   3    1     1004 
   4    1     1003 
   5    1        2 
   6    1        3 
   7    1        4 
   8    1        6 
   9    1        8 
  10    1       10 
  11    1       11 
  12    1       12 
  13    1       13 
  14    1       14 
  15    1       15 
  16    1       16 
  17    1       17 
  18    1       18 
  19    1       19 
  20    1       20 
  21    1       21 
  22    1       22 
  23    1       23 
  24    1       24 
  25    1       25 
  26    1       26 
  27    1       28 
  28    1       29 
  29    1       30 
  30    1       31 
  31    1       32 
  32    1       33 
  33    1       34 
  34    1       35 
  35    1       37 
  36    1       38 
  37    1       39 
  38    1       40 
  39    1       41 
  40    1       42 
  41    1       43 
  42    1       44 
  43    1       45 
  44    1       46 
  45    1       47 
  46    1       48 
  47    1       49 
  48    1       50 
  49    1       51 
  50    1       52 
  51    1       53 
  52    1       54 
  53    1       55 
  54    1       57 
  55    1       58 
  56    1       59 
  57    1       60 
  58    1       61 
  59    1       62 
  60    1       63 
  61    1       64 
  62    1       65 
  63    1       67 
  64    1       68 
  65    1       69 
  66    1       70 
  67    1       71 
  68    1       72 
  69    1       73 
  70    1       74 
  71    1       75 
  72    1       76 
  73    1       77 
  74    1       78 
  75    1       79 
  76    1       80 
  77    1       82 
  78    1       83 
  79    1       84 
  80    1       85 
  81    1       86 
  82    1       87 
  83    1       88 
  84    1       89 
  85    1       90 
  86    1       91 
  87    1       92 
  88    1       93 
  89    1       94 
  90    1       95 
  91    1       96 
  92    1       97 
  93    1       98 
  94    1       99 
  95    1      100 
  96    1      102 
  97    1      103 
  98    1      107 
  99    1      108 
 100    1      109 
 101    1      110 
 102    1      112 
 103    1      114 
 104    1      115 
 105    1      116 
 106    1      117 
 107    1      118 
 108    1      119 
 109    1      120 
 110    1      121 
 111    1      122 
 112    1      123 
 113    1      124 
 114    1      125 
 115    1      126 
 116    1      127 
 117    1      128 
 118    1      138 
 119    1      144 
 120    1      146 
 121    1      153 
 122    1      154 
 123    1      161 
 124    1      163 
 125    1      207 
 126    1      214 
 127    1      252 
 128    1      253 
 129    1      362 
 130    1      363 
 131    1      364 
 132    1      366 
 133    1      494 
 134    1      495 
 135    1      496 
 136    1      498 
 137    1      500 
 138    1      620 
 139    1      621 
 140    1      752 
 141    1     2006 
 142    1     2012 
 143    1     2015 
 144    1     2022 

   0    1
   0    2
   0    3
   0    4
   0   10
   0   12
   0   13
   0   15
   0   16
   0   17
   0   18
   0   19
   0   20
   0   21
   0   23
   0   24
   0   25
   0   26
   0   27
   0   28
   0   29
   0   30
   0   31
   0   32
   0   33
   0   34
   0   35
   0   36
   0   37
   0   38
   0   39
   0   40
   0   41
   0   42
   0   43
   0   44
   0   45
   0   46
   0   47
   0   48
   0   49
   0   50
   0   51
   0   52
   0   53
   0   54
   0   55
   0   56
   0   57
   0   58
   0   59
   0   60
   0   61
   0   62
   0   63
   0   64
   0   65
   0   66
   0   67
   0   68
   0   69
   0   70
   0   71
   0   73
   0   74
   0   75
   0   76
   0   77
   0   78
   0   79
   0   80
   0   81
   0   82
   0   83
   0   84
   0   85
   0   86
   0   87
   0   88
   0   89
   0   90
   0   91
   0   92
   0   93
   0   94
   0   95
   0   96
   0   97
   0   98
   0   99
   0  100
   0  101
   0  102
   0  103
   0  104
   0  105
   0  106
   0  107
   0  108
   0  109
   0  110
   0  111
   0  112
   0  113
   0  114
   0  115
   0  116
   0  117
   0  118
   0  119
   0  120
   0  121
   0  122
   0  123
   0  124
   0  125
   0  126
   0  127
   0  143
   1    1
   1    2
   1    3
   1    4
   1    5
   1    6
   1    7
   1    8
   1    9
   1   10
   1   11
   1   12
   1   13
   1   14
   1   15
   1   16
   1   17
   1   18
   1   19
   1   20
   1   21
   1   22
   1   23
   1   24
   1   25
   1   26
   1   27
   1   28
   1   29
   1   30
   1   31
   1   32
   1   33
   1   34
   1   35
   1   36
   1   37
   1   38
   1   39
   1   40
   1   41
   1   42
   1   43
   1   44
   1   45
   1   46
   1   47
   1   48
   1   49
   1   50
   1   51
   1   52
   1   53
   1   54
   1   55
   1   56
   1   57
   1   58
   1   59
   1   60
   1   61
   1   62
   1   63
   1   64
   1   65
   1   66
   1   67
   1   68
   1   69
   1   70
   1   71
   1   72
   1   73
   1   74
   1   75
   1   76
   1   77
   1   78
   1   79
   1   80
   1   81
   1   82
   1   83
   1   84
   1   85
   1   86
   1   87
   1   88
   1   89
   1   90
   1   91
   1   92
   1   93
   1   94
   1   95
   1   96
   1   97
   1   98
   1   99
   1  100
   1  101
   1  102
   1  103
   1  104
   1  105
   1  106
   1  107
   1  108
   1  109
   1  110
   1  111
   1  112
   1  113
   1  118
   1  119
   1  120
   1  121
   1  122
   1  124
   1  125
   1  126
   1  127
   1  141
   1  142
   1  143
   1  144
   2    1
   2    2
   2    3
   2    4
   2    5
   2    6
   2    7
   2    8
   2    9
   2   10
   2   11
   2   12
   2   13
   2   14
   2   15
   2   16
   2   17
   2   18
   2   19
   2   20
   2   21
   2   22
   2   23
   2   24
   2   25
   2   26
   2   27
   2   28
   2   29
   2   30
   2   31
   2   32
   2   33
   2   34
   2   35
   2   36
   2   37
   2   38
   2   39
   2   40
   2   41
   2   42
   2   43
   2   44
   2   45
   2   46
   2   47
   2   49
   2   50
   2   51
   2   52
   2   53
   2   54
   2   55
   2   56
   2   57
   2   58
   2   59
   2   60
   2   61
   2   62
   2   63
   2   64
   2   65
   2   66
   2   67
   2   68
   2   69
   2   70
   2   71
   2   72
   2   73
   2   74
   2   75
   2   76
   2   77
   2   78
   2   79
   2   80
   2   81
   2   82
   2   83
   2   84
   2   86
   2   87
   2   88
   2   89
   2   90
   2   91
   2   92
   2   93
   2   94
   2   96
   2   97
   2   98
   2   99
   2  101
   2  102
   2  103
   2  104
   2  106
   2  107
   2  108
   2  109
   2  110
   2  112
   2  113
   2  115
   2  117
   2  118
   2  119
   2  120
   2  122
   2  124
   2  125
   2  126
   2  127
   2  128
   2  136
   2  137
   2  140
   2  141
   2  142
   2  143
   2  144
   3    1
   3    2
   3    3
   3    4
   3    5
   3    6
   3    7
   3    8
   3    9
   3   10
   3   11
   3   12
   3   13
   3   14
   3   15
   3   16
   3   17
   3   18
   3   19
   3   20
   3   21
   3   22
   3   23
   3   24
   3   25
   3   26
   3   27
   3   28
   3   29
   3   31
   3   32
   3   33
   3   34
   3   35
   3   36
   3   37
   3   38
   3   40
   3   41
   3   42
   3   43
   3   44
   3   45
   3   46
   3   47
   3   49
   3   50
   3   51
   3   52
   3   53
   3   54
   3   55
   3   56
   3   57
   3   58
   3   59
   3   60
   3   61
   3   62
   3   63
   3   64
   3   65
   3   66
   3   67
   3   68
   3   69
   3   70
   3   71
   3   72
   3   73
   3   74
   3   75
   3   76
   3   77
   3   78
   3   79
   3   80
   3   81
   3   82
   3   83
   3   84
   3   85
   3   86
   3   87
   3   88
   3   89
   3   90
   3   91
   3   92
   3   93
   3   94
   3   95
   3   96
   3   97
   3   98
   3   99
   3  100
   3  101
   3  102
   3  103
   3  104
   3  105
   3  106
   3  107
   3  108
   3  109
   3  110
   3  111
   3  112
   3  113
   3  114
   3  115
   3  116
   3  117
   3  118
   3  119
   3  120
   3  121
   3  122
   3  123
   3  124
   3  125
   3  126
   3  127
   3  128
   3  136
   3  137
   3  138
   3  139
   3  140
   3  141
   3  142
   3  143
   3  144
   4    1
   4    2
   4    3
   4    4
   4    6
   4    7
   4    8
   4    9
   4   10
   4   11
   4   12
   4   13
   4   14
   4   15
   4   16
   4   17
   4   18
   4   19
   4   20
   4   21
   4   22
   4   23
   4   24
   4   25
   4   26
   4   27
   4   28
   4   29
   4   30
   4   31
   4   32
   4   33
   4   34
   4   35
   4   36
   4   37
   4   38
   4   39
   4   40
   4   41
   4   42
   4   43
   4   44
   4   45
   4   46
   4   47
   4   48
   4   49
   4   50
   4   51
   4   52
   4   53
   4   54
   4   55
   4   56
   4   57
   4   58
   4   59
   4   60
   4   61
   4   62
   4   63
   4   64
   4   65
   4   66
   4   67
   4   68
   4   69
   4   70
   4   71
   4   72
   4   73
   4   74
   4   75
   4   76
   4   77
   4   78
   4   79
   4   80
   4   81
   4   82
   4   83
   4   84
   4   85
   4   86
   4   87
   4   88
   4   89
   4   90
   4   91
   4   92
   4   93
   4   94
   4   95
   4   96
   4   97
   4   98
   4   99
   4  100
   4  101
   4  102
   4  103
   4  104
   4  105
   4  106
   4  107
   4  108
   4  109
   4  110
   4  111
   4  112
   4  113
   4  117
   4  118
   4  119
   4  120
   4  121
   4  122
   4  123
   4  124
   4  125
   4  126
   4  127
   4  129
   4  130
   4  131
   4  132
   4  133
   4  134
   4  135
   4  136
   4  137
   4  138
   4  139
   4  140
   4  141
   4  142
   4  143
   4  144
   5    1
   5    2
   5    3
   5    4
   5    5
   5    6
   5    7
   5    8
   5    9
   5   10
   5   11
   5   12
   5   13
   5   14
   5   15
   5   16
   5   17
   5   18
   5   19
   5   20
   5   21
   5   22
   5   23
   5   24
   5   25
   5   26
   5   27
   5   28
   5   29
   5   30
   5   31
   5   32
   5   33
   5   34
   5   35
   5   36
   5   37
   5   38
   5   39
   5   40
   5   41
   5   42
   5   43
   5   44
   5   45
   5   46
   5   47
   5   48
   5   49
   5   50
   5   51
   5   52
   5   53
   5   54
   5   55
   5   56
   5   57
   5   58
   5   59
   5   60
   5   61
   5   62
   5   63
   5   64
   5   65
   5   66
   5   67
   5   68
   5   69
   5   70
   5   71
   5   72
   5   73
   5   74
   5   75
   5   76
   5   77
   5   78
   5   79
   5   80
   5   81
   5   82
   5   83
   5   84
   5   85
   5   86
   5   87
   5   88
   5   89
   5   90
   5   91
   5   92
   5   93
   5   94
   5   95
   5   96
   5   97
   5   98
   5   99
   5  100
   5  101
   5  102
   5  103
   5  104
   5  105
   5  107
   5  108
   5  110
   5  111
   5  113
   5  118
   5  119
   5  120
   5  121
   5  122
   5  123
   5  124
   5  125
   5  126
   5  127
   5  129
   5  130
   5  131
   5  132
   5  133
   5  134
   5  137
   5  138
   5  139
   5  140
   5  141
   5  142
   5  143
   5  144
   6    1
   6    2
   6    3
   6    4
   6    9
   6   10
   6   11
   6   12
   6   13
   6   14
   6   15
   6   16
   6   17
   6   18
   6   19
   6   20
   6   21
   6   22
   6   23
   6   24
   6   25
   6   26
   6   27
   6   28
   6   29
   6   30
   6   31
   6   32
   6   33
   6   34
   6   35
   6   36
   6   37
   6   38
   6   39
   6   40
   6   41
   6   42
   6   43
   6   44
   6   45
   6   46
   6   47
   6   48
   6   49
   6   50
   6   51
   6   52
   6   53
   6   54
   6   55
   6   56
   6   57
   6   58
   6   59
   6   60
   6   61
   6   62
   6   63
   6   64
   6   65
   6   66
   6   67
   6   68
   6   69
   6   70
   6   71
   6   72
   6   73
   6   74
   6   75
   6   76
   6   77
   6   78
   6   79
   6   80
   6   81
   6   82
   6   83
   6   84
   6   85
   6   86
   6   87
   6   88
   6   89
   6   90
   6   91
   6   92
   6   93
   6   94
   6   95
   6   96
   6   97
   6   98
   6   99
   6  100
   6  101
   6  102
   6  103
   6  104
   6  105
   6  106
   6  107
   6  108
   6  109
   6  110
   6  111
   6  112
   6  113
   6  114
   6  115
   6  116
   6  117
   6  118
   6  119
   6  120
   6  121
   6  122
   6  123
   6  124
   6  125
   6  126
   6  127
   6  131
   6  132
   6  133
   6  134
   6  135
   6  136
   6  137
   6  138
   6  139
   6  140
   6  141
   6  142
   6  143
   7    1
   7    2
   7    3
   7    4
   7    9
   7   11
   7   14
   7   17
   7   19
   7   20
   7   21
   7   23
   7   24
   7   25
   7   26
   7   27
   7   28
   7   29
   7   30
   7   31
   7   32
   7   33
   7   34
   7   35
   7   36
   7   37
   7   38
   7   39
   7   40
   7   41
   7   42
   7   43
   7   44
   7   45
   7   46
   7   47
   7   48
   7   49
   7   50
   7   51
   7   52
   7   53
   7   54
   7   55
   7   56
   7   57
   7   58
   7   59
   7   60
   7   61
   7   62
   7   63
   7   64
   7   65
   7   66
   7   67
   7   68
   7   69
   7   70
   7   71
   7   72
   7   73
   7   74
   7   75
   7   76
   7   77
   7   78
   7   79
   7   80
   7   81
   7   82
   7   83
   7   84
   7   85
   7   86
   7   87
   7   88
   7   89
   7   90
   7   91
   7   92
   7   93
   7   94
   7   95
   7   96
   7   97
   7   98
   7   99
   7  100
   7  102
   7  104
   7  105
   7  107
   7  108
   7  110
   7  111
   7  113
   7  116
   7  118
   7  119
   7  120
   7  121
   7  122
   7  123
   7  124
   7  125
   7  126
   7  127
   7  131
   7  132
   7  133
   7  134
   7  137

