Project Units: meters
Units & Scale - Inactive, Translate - Inactive, Rotate - Inactive

Id,Name,Photos (used),X (project units),Y (project units),Z (project units),X Precision,Y Precision,Z Precision,Precision Vector Length,Tightness (percent),Tightness (project units),Angle (deg.),Control Name,RMS Residual (pixels),Largest Residual (pixels),Photo Largest Residual,Material,Layer,Tagged,Type,Use In Processing,Frozen,#Constraints,Target Code,Target Bits,Ref. Check Tag,Photos (marked),Color (R),Color (G),Color (B)
2," ","1,2,3,4,5,6,7,8,9,10,11,12,13,14,15,16,17,18,19,20,21",0.285721,1.143037,-0.000990,0.000044,0.000043,0.000075,0.000097,0.037509,0.000682,85.604860, ,0.261465,0.511779,6,White,Default, ,Regular,yes,no,0,n/a,n/a, ,"1,2,3,4,5,6,7,8,9,10,11,12,13,14,15,16,17,18,19,20,21",255,255,255
3," ","1,2,3,4,5,6,7,8,9,10,11,12,13,14,15,16,17,18,19,20,21",0.428622,1.143108,-0.000230,0.000044,0.000043,0.000074,0.000096,0.033816,0.000615,86.326364, ,0.222877,0.475555,6,White,Default, ,Regular,yes,no,0,n/a,n/a, ,"1,2,3,4,5,6,7,8,9,10,11,12,13,14,15,16,17,18,19,20,21",255,255,255
4," ","1,2,3,4,5,7,8,9,10,11,12,13,14,15,16,17,18,19,20,21",0.142979,1.143124,-0.000840,0.000045,0.000044,0.000078,0.000101,0.030040,0.000546,84.467838, ,0.239436,0.374882,16,White,Default, ,Regular,yes,no,0,n/a,n/a, ,"1,2,3,4,5,7,8,9,10,11,12,13,14,15,16,17,18,19,20,21",255,255,255
5," ","1,2,3,4,5,6,7,8,9,10,11,12,13,14,15,16,17,18,19,20,21",0.571353,1.143164,0.000784,0.000044,0.000043,0.000074,0.000096,0.027195,0.000494,86.593237, ,0.213547,0.430577,6,White,Default, ,Regular,yes,no,0,n/a,n/a, ,"1,2,3,4,5,6,7,8,9,10,11,12,13,14,15,16,17,18,19,20,21",255,255,255
6," ","1,2,3,4,5,7,8,9,10,11,12,13,14,15,16,17,18,19,20,21",0.000141,1.143101,-0.000885,0.000046,0.000046,0.000081,0.000104,0.035503,0.000646,82.938045, ,0.291412,0.464937,16,White,Default, ,Regular,yes,no,0,n/a,n/a, ,"1,2,3,4,5,7,8,9,10,11,12,13,14,15,16,17,18,19,20,21",255,255,255
7," ","1,2,3,4,5,6,7,8,9,10,11,12,13,14,15,16,17,18,19,20,21",0.714058,1.143134,0.000247,0.000044,0.000043,0.000075,0.000097,0.030056,0.000547,86.326713, ,0.221004,0.425987,6,White,Default, ,Regular,yes,no,0,n/a,n/a, ,"1,2,3,4,5,6,7,8,9,10,11,12,13,14,15,16,17,18,19,20,21",255,255,255
8," ","1,2,3,4,5,7,9,10,11,12,13,14,15,17,18,19,20,21",-0.142667,1.143060,-0.000552,0.000050,0.000049,0.000087,0.000112,0.052801,0.000960,80.971268, ,0.414365,0.754405,20,White,Default, ,Regular,yes,no,0,n/a,n/a, ,"1,2,3,4,5,7,9,10,11,12,13,14,15,17,18,19,20,21",255,255,255
9," ","1,2,3,4,5,6,7,8,9,10,11,12,13,14,15,16,17,18,19,20,21",0.856972,1.143119,0.000180,0.000045,0.000043,0.000077,0.000099,0.030269,0.000550,85.567815, ,0.256102,0.390448,7,White,Default, ,Regular,yes,no,0,n/a,n/a, ,"1,2,3,4,5,6,7,8,9,10,11,12,13,14,15,16,17,18,19,20,21",255,255,255
10," ","1,2,3,4,5,6,7,8,9,10,11,12,13,14,15,16,17,18,19,20,21",0.999794,1.143120,-0.001406,0.000046,0.000045,0.000079,0.000102,0.044584,0.000811,84.291960, ,0.304414,0.490168,14,White,Default, ,Regular,yes,no,0,n/a,n/a, ,"1,2,3,4,5,6,7,8,9,10,11,12,13,14,15,16,17,18,19,20,21",255,255,255
11," ","1,2,3,5,6,7,8,9,10,11,13,15,16,17,18,19,20,21",1.142572,1.143183,-0.000553,0.000051,0.000049,0.000087,0.000112,0.055702,0.001013,82.590982, ,0.443136,1.048943,21,White,Default, ,Regular,yes,no,0,n/a,n/a, ,"1,2,3,5,6,7,8,9,10,11,13,15,16,17,18,19,20,21",255,255,255
12," ","1,2,3,4,5,6,7,8,9,10,11,12,13,14,15,16,17,18,19,20,21",0.285798,1.000079,-0.000239,0.000043,0.000042,0.000072,0.000094,0.020886,0.000380,87.140723, ,0.165211,0.284162,6,White,Default, ,Regular,yes,no,0,n/a,n/a, ,"1,2,3,4,5,6,7,8,9,10,11,12,13,14,15,16,17,18,19,20,21",255,255,255
13," ","1,2,3,4,5,6,7,8,9,10,11,12,13,14,15,16,17,18,19,20,21",0.428541,1.000119,0.000125,0.000043,0.000042,0.000071,0.000093,0.023925,0.000435,87.898405, ,0.169085,0.263342,11,White,Default, ,Regular,yes,no,0,n/a,n/a, ,"1,2,3,4,5,6,7,8,9,10,11,12,13,14,15,16,17,18,19,20,21",255,255,255
14," ","1,2,3,4,5,6,7,8,9,10,11,12,13,14,15,16,17,18,19,20,21",0.142937,1.000143,-0.000602,0.000043,0.000042,0.000074,0.000095,0.024903,0.000453,85.915919, ,0.179527,0.291997,16,White,Default, ,Regular,yes,no,0,n/a,n/a, ,"1,2,3,4,5,6,7,8,9,10,11,12,13,14,15,16,17,18,19,20,21",255,255,255
15," ","1,2,3,4,5,6,7,8,9,10,11,12,13,14,15,16,17,18,19,20,21",0.571374,1.000124,0.001269,0.000043,0.000042,0.000071,0.000093,0.024619,0.000448,88.169034, ,0.166683,0.307251,18,White,Default, ,Regular,yes,no,0,n/a,n/a, ,"1,2,3,4,5,6,7,8,9,10,11,12,13,14,15,16,17,18,19,20,21",255,255,255
16," ","1,2,3,4,5,6,7,8,9,10,11,12,13,14,15,16,17,18,19,20,21",0.714087,1.000133,0.000547,0.000043,0.000042,0.000072,0.000094,0.020005,0.000364,87.850586, ,0.158463,0.326258,18,White,Default, ,Regular,yes,no,0,n/a,n/a, ,"1,2,3,4,5,6,7,8,9,10,11,12,13,14,15,16,17,18,19,20,21",255,255,255
17," ","1,2,3,4,5,6,7,8,9,10,11,12,13,14,15,16,17,18,19,20,21",-0.142656,1.000109,0.000434,0.000045,0.000045,0.000079,0.000101,0.035971,0.000654,82.718141, ,0.276186,0.420799,9,White,Default, ,Regular,yes,no,0,n/a,n/a, ,"1,2,3,4,5,6,7,8,9,10,11,12,13,14,15,16,17,18,19,20,21",255,255,255
18," ","1,2,3,4,5,6,7,8,9,10,11,12,13,14,15,16,17,18,19,20,21",0.856973,1.000156,0.000379,0.000044,0.000043,0.000073,0.000096,0.023951,0.000436,87.100032, ,0.181954,0.333856,16,White,Default, ,Regular,yes,no,0,n/a,n/a, ,"1,2,3,4,5,6,7,8,9,10,11,12,13,14,15,16,17,18,19,20,21",255,255,255
19," ","1,2,3,4,5,6,7,8,9,10,11,12,13,14,15,16,17,18,19,20,21",1.142574,1.000129,-0.001035,0.000046,0.000045,0.000079,0.000102,0.038465,0.000699,84.122658, ,0.307229,0.556690,2,White,Default, ,Regular,yes,no,0,n/a,n/a, ,"1,2,3,4,5,6,7,8,9,10,11,12,13,14,15,16,17,18,19,20,21",255,255,255
20," ","1,2,3,4,5,6,7,8,9,10,11,12,13,14,15,16,17,18,19,20,21",0.285914,0.857131,0.000143,0.000043,0.000042,0.000070,0.000092,0.020357,0.000370,88.311173, ,0.130472,0.230239,16,White,Default, ,Regular,yes,no,0,n/a,n/a, ,"1,2,3,4,5,6,7,8,9,10,11,12,13,14,15,16,17,18,19,20,21",255,255,255
21," ","1,2,3,4,5,6,7,8,9,10,11,12,13,14,15,16,17,18,19,20,21",0.143042,0.857177,0.000021,0.000043,0.000042,0.000072,0.000094,0.025414,0.000462,87.029976, ,0.144168,0.282770,21,White,Default, ,Regular,yes,no,0,n/a,n/a, ,"1,2,3,4,5,6,7,8,9,10,11,12,13,14,15,16,17,18,19,20,21",255,255,255
22," ","1,2,3,4,5,6,7,8,9,10,11,12,13,14,15,16,17,18,19,20,21",0.428634,0.857125,0.000339,0.000042,0.000042,0.000070,0.000092,0.016044,0.000292,89.097502, ,0.121015,0.197591,11,White,Default, ,Regular,yes,no,0,n/a,n/a, ,"1,2,3,4,5,6,7,8,9,10,11,12,13,14,15,16,17,18,19,20,21",255,255,255
23," ","1,2,3,4,5,6,7,8,9,10,11,12,13,14,15,16,17,18,19,20,21",0.000218,0.857211,0.000562,0.000043,0.000043,0.000074,0.000095,0.024313,0.000442,85.309974, ,0.170194,0.289160,21,White,Default, ,Regular,yes,no,0,n/a,n/a, ,"1,2,3,4,5,6,7,8,9,10,11,12,13,14,15,16,17,18,19,20,21",255,255,255
24," ","1,2,3,4,5,6,7,8,9,10,11,12,13,14,15,16,17,18,19,20,21",0.571397,0.857139,0.002229,0.000042,0.000042,0.000070,0.000092,0.017867,0.000325,89.426649, ,0.125494,0.277934,21,White,Default, ,Regular,yes,no,0,n/a,n/a, ,"1,2,3,4,5,6,7,8,9,10,11,12,13,14,15,16,17,18,19,20,21",255,255,255
25," ","1,2,3,4,5,6,7,8,9,10,11,12,13,14,15,16,17,18,19,20,21",-0.142516,0.857160,0.000465,0.000044,0.000044,0.000077,0.000099,0.039361,0.000716,83.697644, ,0.248220,0.460759,15,White,Default, ,Regular,yes,no,0,n/a,n/a, ,"1,2,3,4,5,6,7,8,9,10,11,12,13,14,15,16,17,18,19,20,21",255,255,255
26," ","1,2,3,4,5,6,7,8,9,10,11,12,13,14,15,16,17,18,19,20,21",0.714170,0.857145,0.002289,0.000043,0.000042,0.000070,0.000092,0.022490,0.000409,89.140477, ,0.147293,0.320816,21,White,Default, ,Regular,yes,no,0,n/a,n/a, ,"1,2,3,4,5,6,7,8,9,10,11,12,13,14,15,16,17,18,19,20,21",255,255,255
27," ","1,2,3,4,5,6,7,8,9,10,11,12,13,14,15,16,17,18,19,20,21",0.856900,0.857228,0.000598,0.000044,0.000042,0.000071,0.000094,0.017930,0.000326,88.244928, ,0.145045,0.274293,17,White,Default, ,Regular,yes,no,0,n/a,n/a, ,"1,2,3,4,5,6,7,8,9,10,11,12,13,14,15,16,17,18,19,20,21",255,255,255
28," ","1,2,3,4,5,6,7,8,9,10,11,12,13,14,15,16,17,18,19,20,21",0.999777,0.857194,-0.000003,0.000044,0.000043,0.000073,0.000096,0.022735,0.000413,86.886413, ,0.183132,0.334894,17,White,Default, ,Regular,yes,no,0,n/a,n/a, ,"1,2,3,4,5,6,7,8,9,10,11,12,13,14,15,16,17,18,19,20,21",255,255,255
29," ","1,2,3,4,5,6,7,8,9,10,11,12,13,14,15,16,17,18,19,20,21",1.142540,0.857214,-0.000876,0.000045,0.000044,0.000077,0.000099,0.026142,0.000475,85.280463, ,0.232459,0.350273,10,White,Default, ,Regular,yes,no,0,n/a,n/a, ,"1,2,3,4,5,6,7,8,9,10,11,12,13,14,15,16,17,18,19,20,21",255,255,255
30," ","1,2,3,4,5,6,7,8,9,10,11,12,13,14,15,16,17,18,19,20,21",-0.142524,0.714230,-0.000002,0.000043,0.000043,0.000075,0.000097,0.026546,0.000483,84.290193, ,0.208176,0.431989,10,White,Default, ,Regular,yes,no,0,n/a,n/a, ,"1,2,3,4,5,6,7,8,9,10,11,12,13,14,15,16,17,18,19,20,21",255,255,255
31," ","1,2,3,4,5,6,7,8,9,10,11,12,13,14,15,16,17,18,19,20,21",0.000260,0.714257,0.001022,0.000043,0.000042,0.000072,0.000094,0.024113,0.000438,85.894158, ,0.167021,0.292816,10,White,Default, ,Regular,yes,no,0,n/a,n/a, ,"1,2,3,4,5,6,7,8,9,10,11,12,13,14,15,16,17,18,19,20,21",255,255,255
32," ","1,2,3,4,5,6,7,8,9,10,11,12,13,14,15,16,17,18,19,20,21",0.143232,0.714216,0.000937,0.000043,0.000042,0.000070,0.000092,0.028164,0.000512,87.690729, ,0.200954,0.346615,15,White,Default, ,Regular,yes,no,0,n/a,n/a, ,"1,2,3,4,5,6,7,8,9,10,11,12,13,14,15,16,17,18,19,20,21",255,255,255
33," ","1,2,3,4,5,6,7,8,9,10,11,12,13,14,15,16,17,18,19,20,21",0.285960,0.714181,0.000320,0.000042,0.000041,0.000069,0.000091,0.015693,0.000285,88.988997, ,0.111488,0.175619,16,White,Default, ,Regular,yes,no,0,n/a,n/a, ,"1,2,3,4,5,6,7,8,9,10,11,12,13,14,15,16,17,18,19,20,21",255,255,255
34," ","1,2,3,4,5,6,7,8,9,10,11,12,13,14,15,16,17,18,19,20,21",0.428718,0.714195,0.000337,0.000042,0.000041,0.000069,0.000091,0.013796,0.000251,89.791303, ,0.102218,0.198600,18,White,Default, ,Regular,yes,no,0,n/a,n/a, ,"1,2,3,4,5,6,7,8,9,10,11,12,13,14,15,16,17,18,19,20,21",255,255,255
35," ","1,2,3,4,5,6,7,8,9,10,11,12,13,14,15,16,17,18,19,20,21",0.856893,0.714250,0.000578,0.000043,0.000042,0.000070,0.000093,0.019300,0.000351,88.947272, ,0.138649,0.347342,21,White,Default, ,Regular,yes,no,0,n/a,n/a, ,"1,2,3,4,5,6,7,8,9,10,11,12,13,14,15,16,17,18,19,20,21",255,255,255
36," ","1,2,3,4,5,6,7,8,9,10,11,12,13,14,15,16,17,18,19,20,21",0.571555,0.714176,0.003610,0.000042,0.000041,0.000069,0.000090,0.026785,0.000487,89.817963, ,0.148455,0.292241,12,White,Default, ,Regular,yes,no,0,n/a,n/a, ,"1,2,3,4,5,6,7,8,9,10,11,12,13,14,15,16,17,18,19,20,21",255,255,255
37," ","1,2,3,4,5,6,7,8,9,10,11,12,13,14,15,16,17,18,19,20,21",0.714177,0.714198,0.002350,0.000043,0.000041,0.000069,0.000091,0.029903,0.000544,89.845657, ,0.159959,0.336818,12,White,Default, ,Regular,yes,no,0,n/a,n/a, ,"1,2,3,4,5,6,7,8,9,10,11,12,13,14,15,16,17,18,19,20,21",255,255,255
38," ","1,2,3,4,5,6,7,8,9,10,11,12,13,14,15,16,17,18,19,20,21",0.999781,0.714230,-0.000634,0.000044,0.000042,0.000072,0.000095,0.021697,0.000395,87.547348, ,0.165126,0.316922,17,White,Default, ,Regular,yes,no,0,n/a,n/a, ,"1,2,3,4,5,6,7,8,9,10,11,12,13,14,15,16,17,18,19,20,21",255,255,255
39," ","1,2,3,4,5,6,7,8,9,10,11,12,13,14,15,16,17,18,19,20,21",1.142632,0.714274,0.002362,0.000045,0.000043,0.000075,0.000097,0.025356,0.000461,86.179102, ,0.207159,0.340091,10,White,Default, ,Regular,yes,no,0,n/a,n/a, ,"1,2,3,4,5,6,7,8,9,10,11,12,13,14,15,16,17,18,19,20,21",255,255,255
40," ","1,2,3,4,5,6,7,8,9,10,11,12,13,14,15,16,17,18,19,20,21",0.143260,0.571359,0.000950,0.000043,0.000041,0.000070,0.000092,0.019628,0.000357,87.802188, ,0.146413,0.284048,18,White,Default, ,Regular,yes,no,0,n/a,n/a, ,"1,2,3,4,5,6,7,8,9,10,11,12,13,14,15,16,17,18,19,20,21",255,255,255
41," ","1,2,3,4,5,6,7,8,9,10,11,12,13,14,15,16,17,18,19,20,21",0.285982,0.571342,0.000910,0.000042,0.000041,0.000069,0.000091,0.019081,0.000347,89.153467, ,0.130540,0.208809,18,White,Default, ,Regular,yes,no,0,n/a,n/a, ,"1,2,3,4,5,6,7,8,9,10,11,12,13,14,15,16,17,18,19,20,21",255,255,255
42," ","1,2,3,4,5,6,7,8,9,10,11,12,13,14,15,16,17,18,19,20,21",-0.142483,0.571334,0.004023,0.000043,0.000043,0.000074,0.000096,0.038382,0.000698,84.634950, ,0.228458,0.465736,10,White,Default, ,Regular,yes,no,0,n/a,n/a, ,"1,2,3,4,5,6,7,8,9,10,11,12,13,14,15,16,17,18,19,20,21",255,255,255
43," ","1,2,3,4,5,6,7,8,9,10,11,12,13,14,15,16,17,18,19,20,21",0.428890,0.571334,0.001251,0.000041,0.000041,0.000069,0.000090,0.032154,0.000585,89.985705, ,0.229479,0.406737,11,White,Default, ,Regular,yes,no,0,n/a,n/a, ,"1,2,3,4,5,6,7,8,9,10,11,12,13,14,15,16,17,18,19,20,21",255,255,255
44," ","1,2,3,4,5,6,7,8,9,10,11,12,13,14,15,16,17,18,19,20,21",0.856853,0.571372,0.000678,0.000044,0.000042,0.000070,0.000092,0.018123,0.000330,89.111195, ,0.130123,0.317264,21,White,Default, ,Regular,yes,no,0,n/a,n/a, ,"1,2,3,4,5,6,7,8,9,10,11,12,13,14,15,16,17,18,19,20,21",255,255,255
45," ","1,2,3,4,5,6,7,8,9,10,11,12,13,14,15,16,17,18,19,20,21",0.000429,0.571361,0.003487,0.000043,0.000042,0.000071,0.000094,0.028745,0.000523,86.246288, ,0.196743,0.354612,6,White,Default, ,Regular,yes,no,0,n/a,n/a, ,"1,2,3,4,5,6,7,8,9,10,11,12,13,14,15,16,17,18,19,20,21",255,255,255
46," ","1,2,3,4,5,6,7,8,9,10,11,12,13,14,15,16,17,18,19,20,21",0.999818,0.571318,0.000984,0.000044,0.000042,0.000071,0.000094,0.020766,0.000378,87.949730, ,0.161815,0.417774,14,White,Default, ,Regular,yes,no,0,n/a,n/a, ,"1,2,3,4,5,6,7,8,9,10,11,12,13,14,15,16,17,18,19,20,21",255,255,255
47," ","1,2,3,4,5,6,7,8,9,10,11,12,13,14,15,16,17,18,19,20,21",0.714193,0.571328,0.002191,0.000042,0.000041,0.000069,0.000091,0.028712,0.000522,89.995267, ,0.174736,0.369477,12,White,Default, ,Regular,yes,no,0,n/a,n/a, ,"1,2,3,4,5,6,7,8,9,10,11,12,13,14,15,16,17,18,19,20,21",255,255,255
48," ","1,2,3,4,5,6,7,8,9,10,11,12,13,14,15,16,17,18,19,20,21",1.142644,0.571301,0.002108,0.000044,0.000043,0.000074,0.000097,0.023844,0.000434,86.576512, ,0.206090,0.353836,14,White,Default, ,Regular,yes,no,0,n/a,n/a, ,"1,2,3,4,5,6,7,8,9,10,11,12,13,14,15,16,17,18,19,20,21",255,255,255
49," ","1,2,3,4,5,6,7,8,9,10,11,12,13,14,15,16,17,18,19,20,21",0.571598,0.571295,0.003960,0.000042,0.000041,0.000069,0.000090,0.026494,0.000482,89.825012, ,0.166720,0.344884,12,White,Default, ,Regular,yes,no,0,n/a,n/a, ,"1,2,3,4,5,6,7,8,9,10,11,12,13,14,15,16,17,18,19,20,21",255,255,255
50," ","1,2,3,4,5,6,7,8,9,10,11,12,13,14,15,16,17,18,19,20,21",-0.142362,0.428526,0.000582,0.000043,0.000043,0.000075,0.000096,0.038847,0.000706,84.346163, ,0.227465,0.510408,7,White,Default, ,Regular,yes,no,0,n/a,n/a, ,"1,2,3,4,5,6,7,8,9,10,11,12,13,14,15,16,17,18,19,20,21",255,255,255
51," ","1,2,3,4,5,6,7,8,9,10,11,12,13,14,15,16,17,18,19,20,21",0.000437,0.428559,0.000747,0.000043,0.000042,0.000072,0.000094,0.020450,0.000372,85.991743, ,0.165665,0.378622,6,White,Default, ,Regular,yes,no,0,n/a,n/a, ,"1,2,3,4,5,6,7,8,9,10,11,12,13,14,15,16,17,18,19,20,21",255,255,255
52," ","1,2,3,4,5,6,7,8,9,10,11,12,13,14,15,16,17,18,19,20,21",1.142597,0.428414,0.000408,0.000045,0.000044,0.000074,0.000097,0.028764,0.000523,86.490350, ,0.200805,0.329354,10,White,Default, ,Regular,yes,no,0,n/a,n/a, ,"1,2,3,4,5,6,7,8,9,10,11,12,13,14,15,16,17,18,19,20,21",255,255,255
53," ","1,2,3,4,5,6,7,8,9,10,11,12,13,14,15,16,17,18,19,20,21",0.999793,0.428419,0.000212,0.000044,0.000043,0.000071,0.000094,0.021241,0.000386,87.920612, ,0.153354,0.378880,14,White,Default, ,Regular,yes,no,0,n/a,n/a, ,"1,2,3,4,5,6,7,8,9,10,11,12,13,14,15,16,17,18,19,20,21",255,255,255
54," ","1,2,3,4,5,6,7,8,9,10,11,12,13,14,15,16,17,18,19,20,21",0.143344,0.428514,0.001907,0.000043,0.000042,0.000070,0.000092,0.022455,0.000408,87.415237, ,0.172243,0.303950,11,White,Default, ,Regular,yes,no,0,n/a,n/a, ,"1,2,3,4,5,6,7,8,9,10,11,12,13,14,15,16,17,18,19,20,21",255,255,255
55," ","1,2,3,4,5,6,7,8,9,10,11,12,13,14,15,16,17,18,19,20,21",0.286011,0.428527,0.000325,0.000042,0.000041,0.000069,0.000091,0.013182,0.000240,88.722353, ,0.120483,0.180578,21,White,Default, ,Regular,yes,no,0,n/a,n/a, ,"1,2,3,4,5,6,7,8,9,10,11,12,13,14,15,16,17,18,19,20,21",255,255,255
56," ","1,2,3,4,5,6,7,8,9,10,11,12,13,14,15,16,17,18,19,20,21",0.428734,0.428567,0.000283,0.000042,0.000041,0.000069,0.000090,0.016520,0.000300,89.533212, ,0.135237,0.223290,20,White,Default, ,Regular,yes,no,0,n/a,n/a, ,"1,2,3,4,5,6,7,8,9,10,11,12,13,14,15,16,17,18,19,20,21",255,255,255
57," ","1,2,3,4,5,6,7,8,9,10,11,12,13,14,15,16,17,18,19,20,21",0.856941,0.428493,0.000048,0.000044,0.000042,0.000070,0.000092,0.023411,0.000426,88.923514, ,0.133259,0.289617,18,White,Default, ,Regular,yes,no,0,n/a,n/a, ,"1,2,3,4,5,6,7,8,9,10,11,12,13,14,15,16,17,18,19,20,21",255,255,255
58," ","1,2,3,4,5,6,7,8,9,10,11,12,13,14,15,16,17,18,19,20,21",0.714182,0.428472,0.001069,0.000043,0.000041,0.000069,0.000091,0.020245,0.000368,89.562165, ,0.155474,0.269892,10,White,Default, ,Regular,yes,no,0,n/a,n/a, ,"1,2,3,4,5,6,7,8,9,10,11,12,13,14,15,16,17,18,19,20,21",255,255,255
59," ","1,2,3,4,5,6,7,8,9,10,11,12,13,14,15,16,17,18,19,20,21",0.571574,0.428484,0.002770,0.000042,0.000041,0.000069,0.000090,0.026775,0.000487,89.904810, ,0.191190,0.388476,12,White,Default, ,Regular,yes,no,0,n/a,n/a, ,"1,2,3,4,5,6,7,8,9,10,11,12,13,14,15,16,17,18,19,20,21",255,255,255
60," ","1,2,3,4,5,6,7,8,9,10,11,12,13,14,15,16,17,18,19,20,21",1.142568,0.285664,-0.001011,0.000045,0.000044,0.000075,0.000098,0.028722,0.000522,85.974744, ,0.207525,0.417850,12,White,Default, ,Regular,yes,no,0,n/a,n/a, ,"1,2,3,4,5,6,7,8,9,10,11,12,13,14,15,16,17,18,19,20,21",255,255,255
61," ","1,2,3,4,5,6,7,8,9,10,11,12,13,14,15,16,17,18,19,20,21",-0.142418,0.285684,0.000795,0.000043,0.000044,0.000075,0.000097,0.047268,0.000859,83.731812, ,0.249337,0.498952,10,White,Default, ,Regular,yes,no,0,n/a,n/a, ,"1,2,3,4,5,6,7,8,9,10,11,12,13,14,15,16,17,18,19,20,21",255,255,255
62," ","1,2,3,4,5,6,7,8,9,10,11,12,13,14,15,16,17,18,19,20,21",0.000444,0.285710,0.000477,0.000043,0.000043,0.000072,0.000094,0.026580,0.000483,85.383567, ,0.195725,0.425469,11,White,Default, ,Regular,yes,no,0,n/a,n/a, ,"1,2,3,4,5,6,7,8,9,10,11,12,13,14,15,16,17,18,19,20,21",255,255,255
63," ","1,2,3,4,5,6,7,8,9,10,11,12,13,14,15,16,17,18,19,20,21",0.999786,0.285632,-0.000522,0.000044,0.000043,0.000072,0.000095,0.018121,0.000329,87.450497, ,0.153343,0.318358,14,White,Default, ,Regular,yes,no,0,n/a,n/a, ,"1,2,3,4,5,6,7,8,9,10,11,12,13,14,15,16,17,18,19,20,21",255,255,255
64," ","1,2,3,4,5,6,7,8,9,10,11,12,13,14,15,16,17,18,19,20,21",0.143194,0.285810,0.000516,0.000043,0.000042,0.000070,0.000093,0.019107,0.000347,86.844928, ,0.145501,0.296616,13,White,Default, ,Regular,yes,no,0,n/a,n/a, ,"1,2,3,4,5,6,7,8,9,10,11,12,13,14,15,16,17,18,19,20,21",255,255,255
65," ","1,2,3,4,5,6,7,8,9,10,11,12,13,14,15,16,17,18,19,20,21",0.285971,0.285783,-0.000165,0.000042,0.000042,0.000069,0.000092,0.014425,0.000262,88.026517, ,0.105103,0.201113,10,White,Default, ,Regular,yes,no,0,n/a,n/a, ,"1,2,3,4,5,6,7,8,9,10,11,12,13,14,15,16,17,18,19,20,21",255,255,255
66," ","1,2,3,4,5,6,7,8,9,10,11,12,13,14,15,16,17,18,19,20,21",0.856928,0.285710,-0.000396,0.000044,0.000043,0.000070,0.000093,0.020137,0.000366,88.472717, ,0.132065,0.320766,18,White,Default, ,Regular,yes,no,0,n/a,n/a, ,"1,2,3,4,5,6,7,8,9,10,11,12,13,14,15,16,17,18,19,20,21",255,255,255
67," ","1,2,3,4,5,6,7,8,9,10,11,12,13,14,15,16,17,18,19,20,21",0.428722,0.285831,0.000071,0.000042,0.000042,0.000069,0.000091,0.017520,0.000319,88.816319, ,0.121871,0.307987,10,White,Default, ,Regular,yes,no,0,n/a,n/a, ,"1,2,3,4,5,6,7,8,9,10,11,12,13,14,15,16,17,18,19,20,21",255,255,255
68," ","1,2,3,4,5,6,7,8,9,10,11,12,13,14,15,16,17,18,19,20,21",0.714080,0.285765,-0.000125,0.000043,0.000042,0.000069,0.000092,0.020601,0.000375,89.045093, ,0.133896,0.311390,18,White,Default, ,Regular,yes,no,0,n/a,n/a, ,"1,2,3,4,5,6,7,8,9,10,11,12,13,14,15,16,17,18,19,20,21",255,255,255
69," ","1,2,3,4,5,6,7,8,9,10,11,12,13,14,15,16,17,18,19,20,21",0.571537,0.285730,0.001543,0.000042,0.000042,0.000069,0.000091,0.021939,0.000399,89.216170, ,0.192392,0.388054,10,White,Default, ,Regular,yes,no,0,n/a,n/a, ,"1,2,3,4,5,6,7,8,9,10,11,12,13,14,15,16,17,18,19,20,21",255,255,255
70," ","1,2,3,4,5,6,7,8,9,10,11,12,13,14,15,16,17,18,19,20,21",1.142610,0.142725,-0.000907,0.000045,0.000045,0.000077,0.000100,0.032650,0.000594,85.080271, ,0.232688,0.422165,12,White,Default, ,Regular,yes,no,0,n/a,n/a, ,"1,2,3,4,5,6,7,8,9,10,11,12,13,14,15,16,17,18,19,20,21",255,255,255
71," ","1,2,3,4,5,6,7,8,9,11,12,13,14,15,16,17,18,19,20,21",-0.142477,0.142811,0.000330,0.000044,0.000046,0.000078,0.000101,0.033566,0.000610,82.684669, ,0.237889,0.431012,6,White,Default, ,Regular,yes,no,0,n/a,n/a, ,"1,2,3,4,5,6,7,8,9,11,12,13,14,15,16,17,18,19,20,21",255,255,255
72," ","1,2,3,4,5,6,7,8,9,10,11,12,13,14,15,16,17,18,19,20,21",0.999821,0.142707,-0.000029,0.000044,0.000044,0.000073,0.000096,0.022828,0.000415,86.573182, ,0.184488,0.345150,12,White,Default, ,Regular,yes,no,0,n/a,n/a, ,"1,2,3,4,5,6,7,8,9,10,11,12,13,14,15,16,17,18,19,20,21",255,255,255
73," ","1,2,3,4,5,6,7,8,9,10,11,12,13,14,15,16,17,18,19,20,21",0.000264,0.142819,0.000295,0.000043,0.000044,0.000074,0.000096,0.030581,0.000556,84.528453, ,0.198434,0.417020,12,White,Default, ,Regular,yes,no,0,n/a,n/a, ,"1,2,3,4,5,6,7,8,9,10,11,12,13,14,15,16,17,18,19,20,21",255,255,255
74," ","1,2,3,4,5,6,7,8,9,10,11,12,13,14,15,16,17,18,19,20,21",0.857011,0.142800,-0.000571,0.000044,0.000044,0.000071,0.000095,0.022806,0.000415,87.574743, ,0.143668,0.268106,6,White,Default, ,Regular,yes,no,0,n/a,n/a, ,"1,2,3,4,5,6,7,8,9,10,11,12,13,14,15,16,17,18,19,20,21",255,255,255
75," ","1,2,3,4,5,6,7,8,9,10,11,12,13,14,15,16,17,18,19,20,21",0.143257,0.142837,0.000723,0.000043,0.000043,0.000072,0.000094,0.046464,0.000845,86.077619, ,0.253491,0.705595,12,White,Default, ,Regular,yes,no,0,n/a,n/a, ,"1,2,3,4,5,6,7,8,9,10,11,12,13,14,15,16,17,18,19,20,21",255,255,255
76," ","1,2,3,4,5,6,7,8,9,10,11,12,13,14,15,16,17,18,19,20,21",0.714106,0.142870,-0.000357,0.000043,0.000044,0.000070,0.000093,0.016839,0.000306,88.155155, ,0.127915,0.279032,18,White,Default, ,Regular,yes,no,0,n/a,n/a, ,"1,2,3,4,5,6,7,8,9,10,11,12,13,14,15,16,17,18,19,20,21",255,255,255
77," ","1,2,3,4,5,6,7,8,9,10,11,12,13,14,15,16,17,18,19,20,21",0.286024,0.142826,0.000336,0.000043,0.000043,0.000070,0.000093,0.033868,0.000616,87.215320, ,0.198834,0.503966,12,White,Default, ,Regular,yes,no,0,n/a,n/a, ,"1,2,3,4,5,6,7,8,9,10,11,12,13,14,15,16,17,18,19,20,21",255,255,255
78," ","1,2,3,4,5,6,7,8,9,10,11,12,13,14,15,16,17,18,19,20,21",0.428824,0.142893,-0.000128,0.000042,0.000043,0.000070,0.000093,0.030230,0.000550,87.957052, ,0.201807,0.449484,12,White,Default, ,Regular,yes,no,0,n/a,n/a, ,"1,2,3,4,5,6,7,8,9,10,11,12,13,14,15,16,17,18,19,20,21",255,255,255
79," ","1,2,3,4,5,6,7,8,9,10,11,12,13,14,15,16,17,18,19,20,21",0.571381,0.142918,0.000314,0.000042,0.000044,0.000070,0.000093,0.018269,0.000332,88.297108, ,0.124113,0.329636,10,White,Default, ,Regular,yes,no,0,n/a,n/a, ,"1,2,3,4,5,6,7,8,9,10,11,12,13,14,15,16,17,18,19,20,21",255,255,255
80," ","1,2,3,4,5,6,7,8,9,11,12,13,14,15,17,18,19,20,21",1.142551,-0.000120,-0.001993,0.000048,0.000048,0.000082,0.000107,0.034216,0.000622,83.713049, ,0.246102,0.451828,6,White,Default, ,Regular,yes,no,0,n/a,n/a, ,"1,2,3,4,5,6,7,8,9,11,12,13,14,15,17,18,19,20,21",255,255,255
81," ","1,2,3,5,6,7,8,9,11,12,13,14,15,16,17,18,19,20,21",-0.142472,-0.000178,0.001890,0.000047,0.000048,0.000082,0.000106,0.068726,0.001250,81.721668, ,0.350443,0.796255,6,White,Default, ,Regular,yes,no,0,n/a,n/a, ,"1,2,3,5,6,7,8,9,11,12,13,14,15,16,17,18,19,20,21",255,255,255
82," ","1,2,3,4,5,6,7,8,9,10,11,12,13,14,15,16,17,18,19,20,21",0.856982,-0.000087,-0.001656,0.000044,0.000044,0.000074,0.000097,0.022820,0.000415,86.228524, ,0.183244,0.311935,12,White,Default, ,Regular,yes,no,0,n/a,n/a, ,"1,2,3,4,5,6,7,8,9,10,11,12,13,14,15,16,17,18,19,20,21",255,255,255
83," ","1,2,3,4,5,6,7,8,9,10,11,12,13,14,15,16,17,18,19,20,21",0.143042,-0.000039,-0.000070,0.000043,0.000044,0.000074,0.000096,0.028086,0.000511,84.898501, ,0.202279,0.384290,9,White,Default, ,Regular,yes,no,0,n/a,n/a, ,"1,2,3,4,5,6,7,8,9,10,11,12,13,14,15,16,17,18,19,20,21",255,255,255
84," ","1,2,3,4,5,6,7,8,9,10,11,12,13,14,15,16,17,18,19,20,21",0.285794,-0.000009,-0.000680,0.000043,0.000044,0.000072,0.000095,0.034789,0.000633,85.975897, ,0.191770,0.508660,11,White,Default, ,Regular,yes,no,0,n/a,n/a, ,"1,2,3,4,5,6,7,8,9,10,11,12,13,14,15,16,17,18,19,20,21",255,255,255
85," ","1,2,3,4,5,6,7,8,9,10,11,12,13,14,15,16,17,18,19,20,21",0.428711,0.000014,-0.000921,0.000043,0.000044,0.000072,0.000095,0.023269,0.000423,86.675318, ,0.150504,0.322821,11,White,Default, ,Regular,yes,no,0,n/a,n/a, ,"1,2,3,4,5,6,7,8,9,10,11,12,13,14,15,16,17,18,19,20,21",255,255,255
86," ","1,2,3,4,5,6,7,8,9,10,11,12,13,14,15,16,17,18,19,20,21",0.714245,-0.000115,-0.000037,0.000044,0.000044,0.000072,0.000095,0.022580,0.000411,86.862539, ,0.158353,0.275727,18,White,Default, ,Regular,yes,no,0,n/a,n/a, ,"1,2,3,4,5,6,7,8,9,10,11,12,13,14,15,16,17,18,19,20,21",255,255,255
87," ","1,2,3,4,5,6,7,8,9,10,11,12,13,14,15,16,17,18,19,20,21",0.571519,-0.000085,0.000539,0.000043,0.000044,0.000072,0.000095,0.030064,0.000547,87.020211, ,0.198830,0.403812,12,White,Default, ,Regular,yes,no,0,n/a,n/a, ,"1,2,3,4,5,6,7,8,9,10,11,12,13,14,15,16,17,18,19,20,21",255,255,255
88," ","1,2,3,4,5,6,7,9,11,12,13,15,17,18,19,20,21",1.142600,-0.142959,-0.002708,0.000053,0.000053,0.000089,0.000116,0.050454,0.000917,81.958656, ,0.380501,0.745974,18,White,Default, ,Regular,yes,no,0,n/a,n/a, ,"1,2,3,4,5,6,7,9,11,12,13,15,17,18,19,20,21",255,255,255
89," ","1,2,3,4,5,6,7,8,9,10,11,12,13,14,15,16,17,18,19,20,21",0.999819,-0.143003,-0.002523,0.000046,0.000047,0.000079,0.000103,0.037328,0.000679,83.457877, ,0.296152,0.497094,18,White,Default, ,Regular,yes,no,0,n/a,n/a, ,"1,2,3,4,5,6,7,8,9,10,11,12,13,14,15,16,17,18,19,20,21",255,255,255
90," ","1,2,3,5,8,9,11,13,14,15,16,17,18,19,20,21",-0.142601,-0.143008,0.001533,0.000055,0.000058,0.000094,0.000123,0.059468,0.001081,79.569005, ,0.398047,0.812152,20,White,Default, ,Regular,yes,no,0,n/a,n/a, ,"1,2,3,5,8,9,11,13,14,15,16,17,18,19,20,21",255,255,255
91," ","1,2,3,4,5,6,7,8,9,10,11,12,13,14,15,16,17,18,19,20,21",0.857070,-0.142954,-0.002169,0.000045,0.000046,0.000077,0.000100,0.032674,0.000594,84.505476, ,0.240858,0.458482,18,White,Default, ,Regular,yes,no,0,n/a,n/a, ,"1,2,3,4,5,6,7,8,9,10,11,12,13,14,15,16,17,18,19,20,21",255,255,255
92," ","1,2,3,4,5,7,8,9,10,11,13,14,15,16,17,18,19,20,21",0.000203,-0.142992,0.000388,0.000047,0.000049,0.000083,0.000107,0.042804,0.000778,81.123948, ,0.272383,0.531014,4,White,Default, ,Regular,yes,no,0,n/a,n/a, ,"1,2,3,4,5,7,8,9,10,11,13,14,15,16,17,18,19,20,21",255,255,255
93," ","1,2,3,4,5,6,7,8,9,10,11,12,13,14,15,16,17,18,19,20,21",0.714240,-0.142950,-0.001910,0.000045,0.000045,0.000075,0.000098,0.030026,0.000546,85.116930, ,0.225990,0.448403,18,White,Default, ,Regular,yes,no,0,n/a,n/a, ,"1,2,3,4,5,6,7,8,9,10,11,12,13,14,15,16,17,18,19,20,21",255,255,255
94," ","1,2,3,4,5,7,8,9,10,11,12,13,14,15,16,17,18,19,20,21",0.143015,-0.142895,-0.000497,0.000046,0.000046,0.000079,0.000102,0.031640,0.000575,83.411368, ,0.253670,0.449335,7,White,Default, ,Regular,yes,no,0,n/a,n/a, ,"1,2,3,4,5,7,8,9,10,11,12,13,14,15,16,17,18,19,20,21",255,255,255
95," ","1,2,3,4,5,7,8,9,10,11,12,13,14,15,16,17,18,19,20,21",0.285763,-0.142867,-0.001569,0.000045,0.000046,0.000077,0.000100,0.032724,0.000595,84.399042, ,0.233603,0.419772,11,White,Default, ,Regular,yes,no,0,n/a,n/a, ,"1,2,3,4,5,7,8,9,10,11,12,13,14,15,16,17,18,19,20,21",255,255,255
96," ","1,2,3,4,5,6,7,8,9,10,11,12,13,14,15,16,17,18,19,20,21",0.571395,-0.142843,-0.001787,0.000044,0.000045,0.000075,0.000098,0.029423,0.000535,85.282418, ,0.212971,0.412513,18,White,Default, ,Regular,yes,no,0,n/a,n/a, ,"1,2,3,4,5,6,7,8,9,10,11,12,13,14,15,16,17,18,19,20,21",255,255,255
97," ","1,2,3,4,5,6,7,8,9,10,11,12,13,14,15,16,17,18,19,20,21",0.428698,-0.142846,-0.001638,0.000044,0.000045,0.000075,0.000098,0.024172,0.000440,85.044307, ,0.205586,0.343113,18,White,Default, ,Regular,yes,no,0,n/a,n/a, ,"1,2,3,4,5,6,7,8,9,10,11,12,13,14,15,16,17,18,19,20,21",255,255,255
318," ","4",n/a,n/a,n/a,n/a,n/a,n/a,n/a,n/a,n/a,n/a, ,n/a,n/a,n/a,White,Default, ,Regular,yes,no,0,n/a,n/a, ,"4",255,255,255
319," ","4",n/a,n/a,n/a,n/a,n/a,n/a,n/a,n/a,n/a,n/a, ,n/a,n/a,n/a,White,Default, ,Regular,yes,no,0,n/a,n/a, ,"4",255,255,255
866," ","9",n/a,n/a,n/a,n/a,n/a,n/a,n/a,n/a,n/a,n/a, ,n/a,n/a,n/a,White,Default, ,Regular,yes,no,0,n/a,n/a, ,"9",255,255,255
1001," ","1,2,3,4,5,6,7,8,9,10,11,12,13,14,15,16,17,18,19,20,21",0.000000,1.000000,0.000000,fixed,fixed,fixed,fixed,0.028392,0.000516,84.261252, ,0.512895,0.715850,16,White,Default, ,Regular,yes,yes,0,1,1, ,"1,2,3,4,5,6,7,8,9,10,11,12,13,14,15,16,17,18,19,20,21",255,255,255
1002," ","1,2,3,4,5,6,7,8,9,10,11,12,13,14,15,16,17,18,19,20,21",1.000000,1.000000,0.000000,fixed,fixed,fixed,fixed,0.025101,0.000456,85.868019, ,0.514181,0.818894,11,White,Default, ,Regular,yes,yes,0,2,2, ,"1,2,3,4,5,6,7,8,9,10,11,12,13,14,15,16,17,18,19,20,21",255,255,255
1003," ","1,2,3,4,5,6,7,8,9,10,11,12,13,14,15,16,17,18,19,20,21",0.000000,0.000000,0.000000,fixed,fixed,fixed,fixed,0.031049,0.000565,83.471600, ,0.538497,0.934587,5,White,Default, ,Regular,yes,yes,0,3,3, ,"1,2,3,4,5,6,7,8,9,10,11,12,13,14,15,16,17,18,19,20,21",255,255,255
1004," ","1,2,3,4,5,6,7,8,9,10,11,12,13,14,15,16,17,18,19,20,21",1.000000,0.000000,0.000000,fixed,fixed,fixed,fixed,0.032927,0.000599,85.231494, ,0.550038,0.885749,6,White,Default, ,Regular,yes,yes,0,4,4, ,"1,2,3,4,5,6,7,8,9,10,11,12,13,14,15,16,17,18,19,20,21",255,255,255
2095," ","12",n/a,n/a,n/a,n/a,n/a,n/a,n/a,n/a,n/a,n/a, ,n/a,n/a,n/a,White,Default, ,Regular,yes,no,0,n/a,n/a, ,"12",255,255,255
2104," ","12",n/a,n/a,n/a,n/a,n/a,n/a,n/a,n/a,n/a,n/a, ,n/a,n/a,n/a,White,Default, ,Regular,yes,no,0,n/a,n/a, ,"12",255,255,255
2342," ","15",n/a,n/a,n/a,n/a,n/a,n/a,n/a,n/a,n/a,n/a, ,n/a,n/a,n/a,White,Default, ,Regular,yes,no,0,n/a,n/a, ,"15",255,255,255
2835," ","20",n/a,n/a,n/a,n/a,n/a,n/a,n/a,n/a,n/a,n/a, ,n/a,n/a,n/a,White,Default, ,Regular,yes,no,0,n/a,n/a, ,"20",255,255,255
