0.00934 
0.00841 
0.00303 
0.000171 
0.000196 
0.000215 
0.00888 
0.00958 
0.00319 
0.000206 
0.000235 
0.000254 
0.0116 
0.00832 
0.00593 
0.000207 
0.000197 
0.000255 
0.00973 
0.00988 
0.00516 
0.000215 
0.000217 
0.000269 
0.0104 
0.00951 
0.00572 
0.000173 
0.000159 
0.0002 
0.0112 
0.00893 
0.00634 
0.000189 
0.00017 
0.000222 
0.00943 
0.00965 
0.00492 
0.00017 
0.000173 
0.00022 
0.0115 
0.00836 
0.00592 
0.000234 
0.000224 
0.000289 
0.00944 
0.00858 
0.00274 
0.000178 
0.000182 
0.000217 
0.00919 
0.00956 
0.00291 
0.000194 
0.000206 
0.000237 
0.0117 
0.00834 
0.00643 
0.00021 
0.000198 
0.000254 
0.00996 
0.0104 
0.00544 
0.00022 
0.000218 
0.000278 
0.0104 
0.00953 
0.00551 
0.00018 
0.000167 
0.000206 
0.0114 
0.00905 
0.00633 
0.000209 
0.000194 
0.000239 
0.00959 
0.00984 
0.0051 
0.000195 
0.000196 
0.00025 
0.0113 
0.00836 
0.00581 
0.000219 
0.000208 
0.000276 
0.0108 
0.0106 
0.00219 
0.000317 
0.000304 
0.000264 
0.0105 
0.0102 
0.00208 
0.000289 
0.000309 
0.00025 
0.0102 
0.0102 
0.00205 
0.000297 
0.000299 
0.000227 
0.0103 
0.0113 
0.0022 
0.000352 
0.000291 
0.000258 
0.0102 
0.0113 
0.00225 
0.000346 
0.000279 
0.000262 
