-39.433867 
-1.177893 
-179.839443 
0.454884 
1.794191 
1.469732 
-39.769018 
-1.853754 
-90.121783 
0.470385 
2.027813 
1.639209 
-27.247936 
-28.567487 
-141.850652 
-0.644791 
1.466704 
1.582025 
-28.561455 
-30.341411 
-49.785809 
-0.644079 
1.491435 
1.637452 
4.376864 
-34.675243 
-87.139733 
-0.671077 
0.417369 
1.410905 
2.101654 
-34.022129 
1.512725 
-0.713944 
0.476453 
1.465268 
27.349053 
-28.308343 
-44.207617 
-0.534981 
-0.349742 
1.404246 
26.932723 
-28.126836 
44.870931 
-0.719335 
-0.466826 
1.715625 
30.395083 
0.189781 
0.084116 
0.524982 
-0.543564 
1.534740 
31.013304 
1.735667 
89.539916 
0.554116 
-0.593650 
1.617560 
27.642822 
30.754208 
42.331110 
1.770481 
-0.425470 
1.553077 
24.647486 
30.245005 
133.206061 
1.865244 
-0.481254 
1.614675 
0.528501 
33.155928 
88.703240 
1.630947 
0.497613 
1.472090 
-1.745202 
33.641108 
180.205836 
1.797234 
0.525297 
1.598765 
-30.768795 
28.179928 
138.431384 
1.672000 
1.554826 
1.501889 
-29.893013 
26.973233 
-134.628770 
1.694405 
1.619722 
1.590603 
-8.527180 
-0.515901 
179.396017 
0.424426 
0.822977 
1.972829 
-4.785068 
0.674283 
88.786197 
0.482039 
0.927081 
1.885929 
-4.407101 
-0.409802 
88.244319 
0.461726 
0.578787 
1.876020 
-7.616858 
-1.552340 
-180.050735 
0.701795 
0.782602 
1.926753 
-8.712151 
1.054232 
-182.614741 
0.268785 
0.821585 
1.906251 
