-39.433759 
-1.177923 
-179.839441 
0.454884 
1.794190 
1.469731 
-39.768980 
-1.853644 
-90.121780 
0.470385 
2.027812 
1.639208 
-27.247809 
-28.567442 
-141.850591 
-0.644791 
1.466703 
1.582025 
-28.561505 
-30.341308 
-49.785833 
-0.644078 
1.491434 
1.637451 
4.376902 
-34.675131 
-87.139713 
-0.671077 
0.417369 
1.410904 
2.101519 
-34.022099 
1.512649 
-0.713943 
0.476453 
1.465268 
27.348988 
-28.308239 
-44.207649 
-0.534980 
-0.349742 
1.404246 
26.932608 
-28.126892 
44.870877 
-0.719335 
-0.466825 
1.715624 
30.394970 
0.189812 
0.084116 
0.524982 
-0.543563 
1.534740 
31.013271 
1.735553 
89.539919 
0.554116 
-0.593650 
1.617559 
27.642698 
30.754152 
42.331176 
1.770480 
-0.425469 
1.553076 
24.647548 
30.244897 
133.206028 
1.865243 
-0.481253 
1.614674 
0.528457 
33.155814 
88.703265 
1.630946 
0.497613 
1.472089 
-1.745067 
33.641072 
180.205761 
1.797234 
0.525296 
1.598764 
-30.768724 
28.179825 
138.431348 
1.671999 
1.554826 
1.501888 
-29.892896 
26.973290 
-134.628822 
1.694404 
1.619721 
1.590602 
-8.527065 
-0.515933 
179.396020 
0.424426 
0.822977 
1.972828 
-4.785081 
0.674176 
88.786204 
0.482039 
0.927080 
1.885928 
-4.407140 
-0.409911 
88.244316 
0.461726 
0.578787 
1.876019 
-7.616753 
-1.552399 
-180.050740 
0.701794 
0.782602 
1.926752 
-8.712047 
1.054227 
177.385267 
0.268786 
0.821585 
1.906251 
