-39.433864 
-1.177893 
-179.839443 
-0.045116 
1.294190 
1.469732 
-39.769018 
-1.853751 
-90.121783 
-0.029615 
1.527813 
1.639209 
-27.247933 
-28.567485 
-141.850651 
-1.144791 
0.966704 
1.582025 
-28.561458 
-30.341408 
-49.785810 
-1.144079 
0.991435 
1.637452 
4.376864 
-34.675239 
-87.139733 
-1.171077 
-0.082631 
1.410905 
2.101650 
-34.022129 
1.512723 
-1.213944 
-0.023547 
1.465268 
27.349050 
-28.308340 
-44.207619 
-1.034981 
-0.849742 
1.404246 
26.932720 
-28.126839 
44.870929 
-1.219335 
-0.966826 
1.715625 
30.395080 
0.189781 
0.084116 
0.024982 
-1.043564 
1.534740 
31.013304 
1.735664 
89.539916 
0.054116 
-1.093650 
1.617560 
27.642819 
30.754205 
42.331112 
1.270481 
-0.925470 
1.553077 
24.647488 
30.245003 
133.206059 
1.365244 
-0.981254 
1.614675 
0.528501 
33.155924 
88.703240 
1.130947 
-0.002387 
1.472090 
-1.745198 
33.641108 
-179.794166 
1.297234 
0.025297 
1.598764 
-30.768792 
28.179926 
138.431382 
1.172000 
1.054826 
1.501889 
-29.893011 
26.973236 
-134.628771 
1.194405 
1.119722 
1.590603 
-8.527177 
-0.515901 
179.396017 
-0.075574 
0.322977 
1.972829 
-4.785068 
0.674280 
88.786197 
-0.017961 
0.427081 
1.885929 
-4.407100 
-0.409804 
88.244319 
-0.038274 
0.078787 
1.876020 
-7.616855 
-1.552339 
179.949265 
0.201795 
0.282602 
1.926753 
-8.712148 
1.054232 
177.385259 
-0.231215 
0.321585 
1.906251 
