Project Units: meters
Units & Scale - Active, Translate - Active, Rotate - Active

Id,Name,Photos (used),X (project units),Y (project units),Z (project units),X Precision,Y Precision,Z Precision,Precision Vector Length,Tightness (percent),Tightness (project units),Angle (deg.),Control Name,RMS Residual (pixels),Largest Residual (pixels),Photo Largest Residual,Material,Layer,Tagged,Type,Use In Processing,Frozen,#Constraints,Target Code,Target Bits,Ref. Check Tag,Photos (marked),Color (R),Color (G),Color (B)
2," ","1,2,3,4,5,6,7,8,9,10,11,12,13,14,15,16,17,18,19,20,21",0.285750,1.143047,-0.000977,0.001116,0.001116,0.001357,0.002081,0.037188,0.000676,85.615145, ,0.259319,0.526176,6,White,Default, ,Regular,yes,no,0,n/a,n/a, ,"1,2,3,4,5,6,7,8,9,10,11,12,13,14,15,16,17,18,19,20,21",255,255,255
3," ","1,2,3,4,5,6,7,8,9,10,11,12,13,14,15,16,17,18,19,20,21",0.428648,1.143120,-0.000210,0.001092,0.001092,0.001318,0.002030,0.032156,0.000585,86.339927, ,0.227309,0.496118,6,White,Default, ,Regular,yes,no,0,n/a,n/a, ,"1,2,3,4,5,6,7,8,9,10,11,12,13,14,15,16,17,18,19,20,21",255,255,255
4," ","1,2,3,4,5,7,8,9,10,11,12,13,14,15,16,17,18,19,20,21",0.143009,1.143130,-0.000834,0.001162,0.001162,0.001433,0.002181,0.029301,0.000533,84.477472, ,0.233675,0.388192,20,White,Default, ,Regular,yes,no,0,n/a,n/a, ,"1,2,3,4,5,7,8,9,10,11,12,13,14,15,16,17,18,19,20,21",255,255,255
5," ","1,2,3,4,5,6,7,8,9,10,11,12,13,14,15,16,17,18,19,20,21",0.571374,1.143178,0.000809,0.001092,0.001092,0.001318,0.002030,0.027917,0.000508,86.596998, ,0.216516,0.450089,6,White,Default, ,Regular,yes,no,0,n/a,n/a, ,"1,2,3,4,5,6,7,8,9,10,11,12,13,14,15,16,17,18,19,20,21",255,255,255
6," ","1,2,3,4,5,7,8,9,10,11,12,13,14,15,16,17,18,19,20,21",0.000168,1.143105,-0.000886,0.001228,0.001228,0.001540,0.002322,0.035292,0.000642,82.944324, ,0.289650,0.472394,16,White,Default, ,Regular,yes,no,0,n/a,n/a, ,"1,2,3,4,5,7,8,9,10,11,12,13,14,15,16,17,18,19,20,21",255,255,255
7," ","1,2,3,4,5,6,7,8,9,10,11,12,13,14,15,16,17,18,19,20,21",0.714072,1.143152,0.000276,0.001116,0.001116,0.001357,0.002081,0.032739,0.000595,86.332524, ,0.229274,0.449818,6,White,Default, ,Regular,yes,no,0,n/a,n/a, ,"1,2,3,4,5,6,7,8,9,10,11,12,13,14,15,16,17,18,19,20,21",255,255,255
8," ","1,2,3,4,5,7,9,10,11,12,13,14,15,17,18,19,20,21",-0.142649,1.143064,-0.000562,0.001312,0.001312,0.001672,0.002497,0.054125,0.000984,80.979552, ,0.412544,0.748344,20,White,Default, ,Regular,yes,no,0,n/a,n/a, ,"1,2,3,4,5,7,9,10,11,12,13,14,15,17,18,19,20,21",255,255,255
9," ","1,2,3,4,5,6,7,8,9,10,11,12,13,14,15,16,17,18,19,20,21",0.856976,1.143141,0.000212,0.001162,0.001162,0.001433,0.002181,0.032592,0.000593,85.575205, ,0.264079,0.408119,4,White,Default, ,Regular,yes,no,0,n/a,n/a, ,"1,2,3,4,5,6,7,8,9,10,11,12,13,14,15,16,17,18,19,20,21",255,255,255
10," ","1,2,3,4,5,6,7,8,9,10,11,12,13,14,15,16,17,18,19,20,21",0.999788,1.143146,-0.001373,0.001228,0.001228,0.001540,0.002322,0.044819,0.000815,84.286993, ,0.307841,0.487483,6,White,Default, ,Regular,yes,no,0,n/a,n/a, ,"1,2,3,4,5,6,7,8,9,10,11,12,13,14,15,16,17,18,19,20,21",255,255,255
11," ","1,2,3,5,6,7,8,9,10,11,13,15,16,17,18,19,20,21",1.142552,1.143209,-0.000520,0.001312,0.001312,0.001672,0.002497,0.051342,0.000934,82.640622, ,0.435828,1.008517,21,White,Default, ,Regular,yes,no,0,n/a,n/a, ,"1,2,3,5,6,7,8,9,10,11,13,15,16,17,18,19,20,21",255,255,255
12," ","1,2,3,4,5,6,7,8,9,10,11,12,13,14,15,16,17,18,19,20,21",0.285825,1.000085,-0.000229,0.001016,0.001016,0.001191,0.001866,0.020552,0.000374,87.151407, ,0.161788,0.281721,6,White,Default, ,Regular,yes,no,0,n/a,n/a, ,"1,2,3,4,5,6,7,8,9,10,11,12,13,14,15,16,17,18,19,20,21",255,255,255
13," ","1,2,3,4,5,6,7,8,9,10,11,12,13,14,15,16,17,18,19,20,21",0.428566,1.000129,0.000141,0.000990,0.000990,0.001146,0.001809,0.024349,0.000443,87.902701, ,0.167752,0.271184,11,White,Default, ,Regular,yes,no,0,n/a,n/a, ,"1,2,3,4,5,6,7,8,9,10,11,12,13,14,15,16,17,18,19,20,21",255,255,255
14," ","1,2,3,4,5,6,7,8,9,10,11,12,13,14,15,16,17,18,19,20,21",0.142964,1.000145,-0.000597,0.001067,0.001067,0.001277,0.001977,0.022642,0.000412,85.919144, ,0.173899,0.268395,6,White,Default, ,Regular,yes,no,0,n/a,n/a, ,"1,2,3,4,5,6,7,8,9,10,11,12,13,14,15,16,17,18,19,20,21",255,255,255
15," ","1,2,3,4,5,6,7,8,9,10,11,12,13,14,15,16,17,18,19,20,21",0.571394,1.000139,0.001289,0.000990,0.000990,0.001146,0.001809,0.024603,0.000447,88.177824, ,0.167045,0.316616,18,White,Default, ,Regular,yes,no,0,n/a,n/a, ,"1,2,3,4,5,6,7,8,9,10,11,12,13,14,15,16,17,18,19,20,21",255,255,255
16," ","1,2,3,4,5,6,7,8,9,10,11,12,13,14,15,16,17,18,19,20,21",0.714099,1.000153,0.000570,0.001016,0.001016,0.001191,0.001867,0.020366,0.000370,87.853832, ,0.159520,0.344172,18,White,Default, ,Regular,yes,no,0,n/a,n/a, ,"1,2,3,4,5,6,7,8,9,10,11,12,13,14,15,16,17,18,19,20,21",255,255,255
17," ","1,2,3,4,5,6,7,8,9,10,11,12,13,14,15,16,17,18,19,20,21",-0.142637,1.000104,0.000426,0.001228,0.001228,0.001540,0.002321,0.035634,0.000648,82.728568, ,0.274787,0.426293,9,White,Default, ,Regular,yes,no,0,n/a,n/a, ,"1,2,3,4,5,6,7,8,9,10,11,12,13,14,15,16,17,18,19,20,21",255,255,255
18," ","1,2,3,4,5,6,7,8,9,10,11,12,13,14,15,16,17,18,19,20,21",0.856977,1.000181,0.000403,0.001067,0.001067,0.001277,0.001977,0.023855,0.000434,87.105949, ,0.182760,0.324970,16,White,Default, ,Regular,yes,no,0,n/a,n/a, ,"1,2,3,4,5,6,7,8,9,10,11,12,13,14,15,16,17,18,19,20,21",255,255,255
19," ","1,2,3,4,5,6,7,8,9,10,11,12,13,14,15,16,17,18,19,20,21",1.142560,1.000165,-0.001013,0.001228,0.001228,0.001540,0.002321,0.036739,0.000668,84.114485, ,0.297894,0.552672,2,White,Default, ,Regular,yes,no,0,n/a,n/a, ,"1,2,3,4,5,6,7,8,9,10,11,12,13,14,15,16,17,18,19,20,21",255,255,255
20," ","1,2,3,4,5,6,7,8,9,10,11,12,13,14,15,16,17,18,19,20,21",0.285938,0.857133,0.000152,0.000935,0.000935,0.001049,0.001688,0.019895,0.000362,88.322873, ,0.127707,0.227070,16,White,Default, ,Regular,yes,no,0,n/a,n/a, ,"1,2,3,4,5,6,7,8,9,10,11,12,13,14,15,16,17,18,19,20,21",255,255,255
21," ","1,2,3,4,5,6,7,8,9,10,11,12,13,14,15,16,17,18,19,20,21",0.143066,0.857173,0.000025,0.000990,0.000990,0.001146,0.001809,0.023997,0.000436,87.037739, ,0.140344,0.265456,21,White,Default, ,Regular,yes,no,0,n/a,n/a, ,"1,2,3,4,5,6,7,8,9,10,11,12,13,14,15,16,17,18,19,20,21",255,255,255
22," ","1,2,3,4,5,6,7,8,9,10,11,12,13,14,15,16,17,18,19,20,21",0.428656,0.857133,0.000351,0.000906,0.000906,0.000998,0.001624,0.016536,0.000301,89.109825, ,0.121634,0.206151,11,White,Default, ,Regular,yes,no,0,n/a,n/a, ,"1,2,3,4,5,6,7,8,9,10,11,12,13,14,15,16,17,18,19,20,21",255,255,255
23," ","1,2,3,4,5,6,7,8,9,10,11,12,13,14,15,16,17,18,19,20,21",0.000241,0.857202,0.000561,0.001067,0.001067,0.001277,0.001976,0.021944,0.000399,85.316962, ,0.165357,0.258582,21,White,Default, ,Regular,yes,no,0,n/a,n/a, ,"1,2,3,4,5,6,7,8,9,10,11,12,13,14,15,16,17,18,19,20,21",255,255,255
24," ","1,2,3,4,5,6,7,8,9,10,11,12,13,14,15,16,17,18,19,20,21",0.571414,0.857152,0.002244,0.000906,0.000906,0.000998,0.001624,0.018030,0.000328,89.434222, ,0.125317,0.281279,21,White,Default, ,Regular,yes,no,0,n/a,n/a, ,"1,2,3,4,5,6,7,8,9,10,11,12,13,14,15,16,17,18,19,20,21",255,255,255
25," ","1,2,3,4,5,6,7,8,9,10,11,12,13,14,15,16,17,18,19,20,21",-0.142498,0.857146,0.000459,0.001162,0.001162,0.001433,0.002180,0.042197,0.000767,83.704696, ,0.249153,0.485194,15,White,Default, ,Regular,yes,no,0,n/a,n/a, ,"1,2,3,4,5,6,7,8,9,10,11,12,13,14,15,16,17,18,19,20,21",255,255,255
26," ","1,2,3,4,5,6,7,8,9,10,11,12,13,14,15,16,17,18,19,20,21",0.714181,0.857165,0.002306,0.000935,0.000935,0.001049,0.001688,0.022933,0.000417,89.151020, ,0.144481,0.315578,18,White,Default, ,Regular,yes,no,0,n/a,n/a, ,"1,2,3,4,5,6,7,8,9,10,11,12,13,14,15,16,17,18,19,20,21",255,255,255
27," ","1,2,3,4,5,6,7,8,9,10,11,12,13,14,15,16,17,18,19,20,21",0.856903,0.857255,0.000615,0.000990,0.000990,0.001146,0.001809,0.016609,0.000302,88.252867, ,0.143969,0.265976,18,White,Default, ,Regular,yes,no,0,n/a,n/a, ,"1,2,3,4,5,6,7,8,9,10,11,12,13,14,15,16,17,18,19,20,21",255,255,255
28," ","1,2,3,4,5,6,7,8,9,10,11,12,13,14,15,16,17,18,19,20,21",0.999772,0.857227,0.000013,0.001067,0.001067,0.001277,0.001977,0.020970,0.000381,86.899509, ,0.179283,0.308182,16,White,Default, ,Regular,yes,no,0,n/a,n/a, ,"1,2,3,4,5,6,7,8,9,10,11,12,13,14,15,16,17,18,19,20,21",255,255,255
29," ","1,2,3,4,5,6,7,8,9,10,11,12,13,14,15,16,17,18,19,20,21",1.142527,0.857254,-0.000864,0.001162,0.001162,0.001433,0.002180,0.025733,0.000468,85.270869, ,0.225428,0.362173,10,White,Default, ,Regular,yes,no,0,n/a,n/a, ,"1,2,3,4,5,6,7,8,9,10,11,12,13,14,15,16,17,18,19,20,21",255,255,255
30," ","1,2,3,4,5,6,7,8,9,10,11,12,13,14,15,16,17,18,19,20,21",-0.142507,0.714207,-0.000005,0.001115,0.001115,0.001357,0.002081,0.027216,0.000495,84.307194, ,0.204214,0.416704,10,White,Default, ,Regular,yes,no,0,n/a,n/a, ,"1,2,3,4,5,6,7,8,9,10,11,12,13,14,15,16,17,18,19,20,21",255,255,255
31," ","1,2,3,4,5,6,7,8,9,10,11,12,13,14,15,16,17,18,19,20,21",0.000282,0.714240,0.001023,0.001016,0.001016,0.001191,0.001866,0.024213,0.000440,85.910650, ,0.165455,0.294143,10,White,Default, ,Regular,yes,no,0,n/a,n/a, ,"1,2,3,4,5,6,7,8,9,10,11,12,13,14,15,16,17,18,19,20,21",255,255,255
32," ","1,2,3,4,5,6,7,8,9,10,11,12,13,14,15,16,17,18,19,20,21",0.143255,0.714206,0.000942,0.000935,0.000935,0.001049,0.001687,0.028946,0.000526,87.699369, ,0.199868,0.348794,15,White,Default, ,Regular,yes,no,0,n/a,n/a, ,"1,2,3,4,5,6,7,8,9,10,11,12,13,14,15,16,17,18,19,20,21",255,255,255
33," ","1,2,3,4,5,6,7,8,9,10,11,12,13,14,15,16,17,18,19,20,21",0.285981,0.714178,0.000328,0.000876,0.000876,0.000943,0.001557,0.015853,0.000288,88.996216, ,0.113686,0.178563,16,White,Default, ,Regular,yes,no,0,n/a,n/a, ,"1,2,3,4,5,6,7,8,9,10,11,12,13,14,15,16,17,18,19,20,21",255,255,255
34," ","1,2,3,4,5,6,7,8,9,10,11,12,13,14,15,16,17,18,19,20,21",0.428737,0.714199,0.000346,0.000846,0.000846,0.000885,0.001488,0.013212,0.000240,89.799813, ,0.100284,0.202727,19,White,Default, ,Regular,yes,no,0,n/a,n/a, ,"1,2,3,4,5,6,7,8,9,10,11,12,13,14,15,16,17,18,19,20,21",255,255,255
35," ","1,2,3,4,5,6,7,8,9,10,11,12,13,14,15,16,17,18,19,20,21",0.856895,0.714276,0.000589,0.000935,0.000935,0.001049,0.001688,0.018507,0.000337,88.956729, ,0.138940,0.338786,21,White,Default, ,Regular,yes,no,0,n/a,n/a, ,"1,2,3,4,5,6,7,8,9,10,11,12,13,14,15,16,17,18,19,20,21",255,255,255
36," ","1,2,3,4,5,6,7,8,9,10,11,12,13,14,15,16,17,18,19,20,21",0.571569,0.714187,0.003621,0.000846,0.000846,0.000885,0.001488,0.025697,0.000467,89.811603, ,0.141661,0.283573,12,White,Default, ,Regular,yes,no,0,n/a,n/a, ,"1,2,3,4,5,6,7,8,9,10,11,12,13,14,15,16,17,18,19,20,21",255,255,255
37," ","1,2,3,4,5,6,7,8,9,10,11,12,13,14,15,16,17,18,19,20,21",0.714186,0.714216,0.002362,0.000876,0.000876,0.000943,0.001557,0.029232,0.000532,89.858548, ,0.155914,0.332905,12,White,Default, ,Regular,yes,no,0,n/a,n/a, ,"1,2,3,4,5,6,7,8,9,10,11,12,13,14,15,16,17,18,19,20,21",255,255,255
38," ","1,2,3,4,5,6,7,8,9,10,11,12,13,14,15,16,17,18,19,20,21",0.999776,0.714264,-0.000627,0.001016,0.001016,0.001191,0.001866,0.019863,0.000361,87.559709, ,0.161743,0.306830,14,White,Default, ,Regular,yes,no,0,n/a,n/a, ,"1,2,3,4,5,6,7,8,9,10,11,12,13,14,15,16,17,18,19,20,21",255,255,255
39," ","1,2,3,4,5,6,7,8,9,10,11,12,13,14,15,16,17,18,19,20,21",1.142621,0.714315,0.002365,0.001115,0.001115,0.001357,0.002081,0.025193,0.000458,86.169361, ,0.202030,0.345951,10,White,Default, ,Regular,yes,no,0,n/a,n/a, ,"1,2,3,4,5,6,7,8,9,10,11,12,13,14,15,16,17,18,19,20,21",255,255,255
40," ","1,2,3,4,5,6,7,8,9,10,11,12,13,14,15,16,17,18,19,20,21",0.143280,0.571343,0.000956,0.000906,0.000906,0.000997,0.001624,0.020105,0.000366,87.809937, ,0.146626,0.297802,18,White,Default, ,Regular,yes,no,0,n/a,n/a, ,"1,2,3,4,5,6,7,8,9,10,11,12,13,14,15,16,17,18,19,20,21",255,255,255
41," ","1,2,3,4,5,6,7,8,9,10,11,12,13,14,15,16,17,18,19,20,21",0.286001,0.571334,0.000917,0.000846,0.000846,0.000885,0.001488,0.019425,0.000353,89.161788, ,0.127291,0.212736,18,White,Default, ,Regular,yes,no,0,n/a,n/a, ,"1,2,3,4,5,6,7,8,9,10,11,12,13,14,15,16,17,18,19,20,21",255,255,255
42," ","1,2,3,4,5,6,7,8,9,10,11,12,13,14,15,16,17,18,19,20,21",-0.142466,0.571303,0.004024,0.001091,0.001091,0.001317,0.002029,0.040191,0.000731,84.648570, ,0.227674,0.458203,10,White,Default, ,Regular,yes,no,0,n/a,n/a, ,"1,2,3,4,5,6,7,8,9,10,11,12,13,14,15,16,17,18,19,20,21",255,255,255
43," ","1,2,3,4,5,6,7,8,9,10,11,12,13,14,15,16,17,18,19,20,21",0.428906,0.571334,0.001260,0.000814,0.000814,0.000823,0.001415,0.030976,0.000563,89.996263, ,0.222476,0.394203,11,White,Default, ,Regular,yes,no,0,n/a,n/a, ,"1,2,3,4,5,6,7,8,9,10,11,12,13,14,15,16,17,18,19,20,21",255,255,255
44," ","1,2,3,4,5,6,7,8,9,10,11,12,13,14,15,16,17,18,19,20,21",0.856853,0.571396,0.000683,0.000906,0.000906,0.000997,0.001624,0.018161,0.000330,89.120024, ,0.134293,0.319010,21,White,Default, ,Regular,yes,no,0,n/a,n/a, ,"1,2,3,4,5,6,7,8,9,10,11,12,13,14,15,16,17,18,19,20,21",255,255,255
45," ","1,2,3,4,5,6,7,8,9,10,11,12,13,14,15,16,17,18,19,20,21",0.000449,0.571338,0.003491,0.000990,0.000990,0.001145,0.001808,0.029840,0.000543,86.252170, ,0.198437,0.372924,6,White,Default, ,Regular,yes,no,0,n/a,n/a, ,"1,2,3,4,5,6,7,8,9,10,11,12,13,14,15,16,17,18,19,20,21",255,255,255
46," ","1,2,3,4,5,6,7,8,9,10,11,12,13,14,15,16,17,18,19,20,21",0.999812,0.571350,0.000984,0.000990,0.000990,0.001146,0.001809,0.020213,0.000368,87.933258, ,0.161629,0.421700,14,White,Default, ,Regular,yes,no,0,n/a,n/a, ,"1,2,3,4,5,6,7,8,9,10,11,12,13,14,15,16,17,18,19,20,21",255,255,255
47," ","1,2,3,4,5,6,7,8,9,10,11,12,13,14,15,16,17,18,19,20,21",0.714199,0.571344,0.002198,0.000846,0.000846,0.000885,0.001488,0.027957,0.000508,89.993688, ,0.171923,0.363470,12,White,Default, ,Regular,yes,no,0,n/a,n/a, ,"1,2,3,4,5,6,7,8,9,10,11,12,13,14,15,16,17,18,19,20,21",255,255,255
48," ","1,2,3,4,5,6,7,8,9,10,11,12,13,14,15,16,17,18,19,20,21",1.142634,0.571340,0.002103,0.001091,0.001091,0.001318,0.002029,0.025237,0.000459,86.558050, ,0.201521,0.354032,10,White,Default, ,Regular,yes,no,0,n/a,n/a, ,"1,2,3,4,5,6,7,8,9,10,11,12,13,14,15,16,17,18,19,20,21",255,255,255
49," ","1,2,3,4,5,6,7,8,9,10,11,12,13,14,15,16,17,18,19,20,21",0.571609,0.571303,0.003968,0.000814,0.000814,0.000823,0.001415,0.025419,0.000462,89.835020, ,0.160445,0.333728,12,White,Default, ,Regular,yes,no,0,n/a,n/a, ,"1,2,3,4,5,6,7,8,9,10,11,12,13,14,15,16,17,18,19,20,21",255,255,255
50," ","1,2,3,4,5,6,7,8,9,10,11,12,13,14,15,16,17,18,19,20,21",-0.142344,0.428488,0.000590,0.001091,0.001091,0.001317,0.002029,0.037266,0.000678,84.351674, ,0.225189,0.469443,7,White,Default, ,Regular,yes,no,0,n/a,n/a, ,"1,2,3,4,5,6,7,8,9,10,11,12,13,14,15,16,17,18,19,20,21",255,255,255
51," ","1,2,3,4,5,6,7,8,9,10,11,12,13,14,15,16,17,18,19,20,21",0.000456,0.428529,0.000755,0.000990,0.000990,0.001146,0.001808,0.020072,0.000365,86.000204, ,0.165572,0.389491,6,White,Default, ,Regular,yes,no,0,n/a,n/a, ,"1,2,3,4,5,6,7,8,9,10,11,12,13,14,15,16,17,18,19,20,21",255,255,255
52," ","1,2,3,4,5,6,7,8,9,10,11,12,13,14,15,16,17,18,19,20,21",1.142588,0.428450,0.000394,0.001091,0.001091,0.001318,0.002029,0.028078,0.000511,86.473565, ,0.197802,0.337192,10,White,Default, ,Regular,yes,no,0,n/a,n/a, ,"1,2,3,4,5,6,7,8,9,10,11,12,13,14,15,16,17,18,19,20,21",255,255,255
53," ","1,2,3,4,5,6,7,8,9,10,11,12,13,14,15,16,17,18,19,20,21",0.999787,0.428447,0.000205,0.000990,0.000990,0.001146,0.001809,0.021237,0.000386,87.905815, ,0.155208,0.390091,14,White,Default, ,Regular,yes,no,0,n/a,n/a, ,"1,2,3,4,5,6,7,8,9,10,11,12,13,14,15,16,17,18,19,20,21",255,255,255
54," ","1,2,3,4,5,6,7,8,9,10,11,12,13,14,15,16,17,18,19,20,21",0.143362,0.428492,0.001916,0.000906,0.000906,0.000997,0.001624,0.021925,0.000399,87.426461, ,0.169031,0.299557,11,White,Default, ,Regular,yes,no,0,n/a,n/a, ,"1,2,3,4,5,6,7,8,9,10,11,12,13,14,15,16,17,18,19,20,21",255,255,255
55," ","1,2,3,4,5,6,7,8,9,10,11,12,13,14,15,16,17,18,19,20,21",0.286027,0.428514,0.000333,0.000846,0.000846,0.000885,0.001488,0.013046,0.000237,88.730044, ,0.119141,0.171225,21,White,Default, ,Regular,yes,no,0,n/a,n/a, ,"1,2,3,4,5,6,7,8,9,10,11,12,13,14,15,16,17,18,19,20,21",255,255,255
56," ","1,2,3,4,5,6,7,8,9,10,11,12,13,14,15,16,17,18,19,20,21",0.428746,0.428562,0.000290,0.000814,0.000814,0.000823,0.001415,0.016931,0.000308,89.549774, ,0.134514,0.213848,20,White,Default, ,Regular,yes,no,0,n/a,n/a, ,"1,2,3,4,5,6,7,8,9,10,11,12,13,14,15,16,17,18,19,20,21",255,255,255
57," ","1,2,3,4,5,6,7,8,9,10,11,12,13,14,15,16,17,18,19,20,21",0.856939,0.428514,0.000047,0.000906,0.000906,0.000998,0.001624,0.023583,0.000429,88.908947, ,0.134481,0.295511,18,White,Default, ,Regular,yes,no,0,n/a,n/a, ,"1,2,3,4,5,6,7,8,9,10,11,12,13,14,15,16,17,18,19,20,21",255,255,255
58," ","1,2,3,4,5,6,7,8,9,10,11,12,13,14,15,16,17,18,19,20,21",0.714185,0.428485,0.001072,0.000846,0.000846,0.000885,0.001488,0.019767,0.000359,89.569948, ,0.151317,0.254985,10,White,Default, ,Regular,yes,no,0,n/a,n/a, ,"1,2,3,4,5,6,7,8,9,10,11,12,13,14,15,16,17,18,19,20,21",255,255,255
59," ","1,2,3,4,5,6,7,8,9,10,11,12,13,14,15,16,17,18,19,20,21",0.571582,0.428488,0.002776,0.000814,0.000814,0.000823,0.001415,0.025763,0.000468,89.919255, ,0.182235,0.376175,12,White,Default, ,Regular,yes,no,0,n/a,n/a, ,"1,2,3,4,5,6,7,8,9,10,11,12,13,14,15,16,17,18,19,20,21",255,255,255
60," ","1,2,3,4,5,6,7,8,9,10,11,12,13,14,15,16,17,18,19,20,21",1.142558,0.285695,-0.001034,0.001115,0.001115,0.001357,0.002081,0.027618,0.000502,85.967515, ,0.206861,0.417074,12,White,Default, ,Regular,yes,no,0,n/a,n/a, ,"1,2,3,4,5,6,7,8,9,10,11,12,13,14,15,16,17,18,19,20,21",255,255,255
61," ","1,2,3,4,5,6,7,8,9,10,11,12,13,14,15,16,17,18,19,20,21",-0.142400,0.285642,0.000810,0.001115,0.001115,0.001357,0.002081,0.047514,0.000864,83.737924, ,0.248715,0.490133,10,White,Default, ,Regular,yes,no,0,n/a,n/a, ,"1,2,3,4,5,6,7,8,9,10,11,12,13,14,15,16,17,18,19,20,21",255,255,255
62," ","1,2,3,4,5,6,7,8,9,10,11,12,13,14,15,16,17,18,19,20,21",0.000461,0.285676,0.000491,0.001016,0.001016,0.001191,0.001866,0.027282,0.000496,85.386502, ,0.197528,0.430732,11,White,Default, ,Regular,yes,no,0,n/a,n/a, ,"1,2,3,4,5,6,7,8,9,10,11,12,13,14,15,16,17,18,19,20,21",255,255,255
63," ","1,2,3,4,5,6,7,8,9,10,11,12,13,14,15,16,17,18,19,20,21",0.999778,0.285656,-0.000536,0.001016,0.001016,0.001191,0.001866,0.018533,0.000337,87.435721, ,0.155410,0.327903,14,White,Default, ,Regular,yes,no,0,n/a,n/a, ,"1,2,3,4,5,6,7,8,9,10,11,12,13,14,15,16,17,18,19,20,21",255,255,255
64," ","1,2,3,4,5,6,7,8,9,10,11,12,13,14,15,16,17,18,19,20,21",0.143210,0.285785,0.000528,0.000935,0.000935,0.001049,0.001688,0.018319,0.000333,86.833022, ,0.147881,0.311821,13,White,Default, ,Regular,yes,no,0,n/a,n/a, ,"1,2,3,4,5,6,7,8,9,10,11,12,13,14,15,16,17,18,19,20,21",255,255,255
65," ","1,2,3,4,5,6,7,8,9,10,11,12,13,14,15,16,17,18,19,20,21",0.285984,0.285766,-0.000154,0.000876,0.000876,0.000943,0.001557,0.013206,0.000240,88.013948, ,0.101424,0.186955,10,White,Default, ,Regular,yes,no,0,n/a,n/a, ,"1,2,3,4,5,6,7,8,9,10,11,12,13,14,15,16,17,18,19,20,21",255,255,255
66," ","1,2,3,4,5,6,7,8,9,10,11,12,13,14,15,16,17,18,19,20,21",0.856924,0.285727,-0.000402,0.000935,0.000935,0.001049,0.001688,0.020546,0.000374,88.456685, ,0.133920,0.331704,18,White,Default, ,Regular,yes,no,0,n/a,n/a, ,"1,2,3,4,5,6,7,8,9,10,11,12,13,14,15,16,17,18,19,20,21",255,255,255
67," ","1,2,3,4,5,6,7,8,9,10,11,12,13,14,15,16,17,18,19,20,21",0.428732,0.285823,0.000079,0.000846,0.000846,0.000885,0.001488,0.015556,0.000283,88.804928, ,0.113807,0.287769,10,White,Default, ,Regular,yes,no,0,n/a,n/a, ,"1,2,3,4,5,6,7,8,9,10,11,12,13,14,15,16,17,18,19,20,21",255,255,255
68," ","1,2,3,4,5,6,7,8,9,10,11,12,13,14,15,16,17,18,19,20,21",0.714080,0.285774,-0.000125,0.000876,0.000876,0.000943,0.001557,0.020974,0.000381,89.039713, ,0.132581,0.318958,18,White,Default, ,Regular,yes,no,0,n/a,n/a, ,"1,2,3,4,5,6,7,8,9,10,11,12,13,14,15,16,17,18,19,20,21",255,255,255
69," ","1,2,3,4,5,6,7,8,9,10,11,12,13,14,15,16,17,18,19,20,21",0.571542,0.285730,0.001547,0.000846,0.000846,0.000885,0.001488,0.021019,0.000382,89.201742, ,0.184202,0.372515,10,White,Default, ,Regular,yes,no,0,n/a,n/a, ,"1,2,3,4,5,6,7,8,9,10,11,12,13,14,15,16,17,18,19,20,21",255,255,255
70," ","1,2,3,4,5,6,7,8,9,10,11,12,13,14,15,16,17,18,19,20,21",1.142601,0.142749,-0.000937,0.001162,0.001162,0.001433,0.002180,0.031770,0.000578,85.068499, ,0.234881,0.425313,12,White,Default, ,Regular,yes,no,0,n/a,n/a, ,"1,2,3,4,5,6,7,8,9,10,11,12,13,14,15,16,17,18,19,20,21",255,255,255
71," ","1,2,3,4,5,6,7,8,9,11,12,13,14,15,16,17,18,19,20,21",-0.142460,0.142765,0.000356,0.001162,0.001162,0.001433,0.002180,0.031686,0.000576,82.689861, ,0.236308,0.425295,12,White,Default, ,Regular,yes,no,0,n/a,n/a, ,"1,2,3,4,5,6,7,8,9,11,12,13,14,15,16,17,18,19,20,21",255,255,255
72," ","1,2,3,4,5,6,7,8,9,10,11,12,13,14,15,16,17,18,19,20,21",0.999812,0.142726,-0.000048,0.001067,0.001067,0.001277,0.001977,0.022516,0.000409,86.564869, ,0.185436,0.347218,12,White,Default, ,Regular,yes,no,0,n/a,n/a, ,"1,2,3,4,5,6,7,8,9,10,11,12,13,14,15,16,17,18,19,20,21",255,255,255
73," ","1,2,3,4,5,6,7,8,9,10,11,12,13,14,15,16,17,18,19,20,21",0.000281,0.142782,0.000316,0.001067,0.001067,0.001277,0.001976,0.029731,0.000541,84.520088, ,0.198051,0.415530,12,White,Default, ,Regular,yes,no,0,n/a,n/a, ,"1,2,3,4,5,6,7,8,9,10,11,12,13,14,15,16,17,18,19,20,21",255,255,255
74," ","1,2,3,4,5,6,7,8,9,10,11,12,13,14,15,16,17,18,19,20,21",0.857005,0.142811,-0.000581,0.000990,0.000990,0.001146,0.001809,0.021997,0.000400,87.567031, ,0.142557,0.263596,6,White,Default, ,Regular,yes,no,0,n/a,n/a, ,"1,2,3,4,5,6,7,8,9,10,11,12,13,14,15,16,17,18,19,20,21",255,255,255
75," ","1,2,3,4,5,6,7,8,9,10,11,12,13,14,15,16,17,18,19,20,21",0.143271,0.142809,0.000741,0.000990,0.000990,0.001146,0.001809,0.046844,0.000852,86.069546, ,0.252705,0.707110,12,White,Default, ,Regular,yes,no,0,n/a,n/a, ,"1,2,3,4,5,6,7,8,9,10,11,12,13,14,15,16,17,18,19,20,21",255,255,255
76," ","1,2,3,4,5,6,7,8,9,10,11,12,13,14,15,16,17,18,19,20,21",0.714103,0.142874,-0.000360,0.000935,0.000935,0.001049,0.001688,0.016868,0.000307,88.146212, ,0.126073,0.298054,18,White,Default, ,Regular,yes,no,0,n/a,n/a, ,"1,2,3,4,5,6,7,8,9,10,11,12,13,14,15,16,17,18,19,20,21",255,255,255
77," ","1,2,3,4,5,6,7,8,9,10,11,12,13,14,15,16,17,18,19,20,21",0.286034,0.142806,0.000350,0.000935,0.000935,0.001049,0.001688,0.033676,0.000612,87.210020, ,0.193993,0.500127,12,White,Default, ,Regular,yes,no,0,n/a,n/a, ,"1,2,3,4,5,6,7,8,9,10,11,12,13,14,15,16,17,18,19,20,21",255,255,255
78," ","1,2,3,4,5,6,7,8,9,10,11,12,13,14,15,16,17,18,19,20,21",0.428830,0.142882,-0.000119,0.000906,0.000906,0.000997,0.001624,0.029639,0.000539,87.945962, ,0.193992,0.441428,12,White,Default, ,Regular,yes,no,0,n/a,n/a, ,"1,2,3,4,5,6,7,8,9,10,11,12,13,14,15,16,17,18,19,20,21",255,255,255
79," ","1,2,3,4,5,6,7,8,9,10,11,12,13,14,15,16,17,18,19,20,21",0.571383,0.142915,0.000319,0.000906,0.000906,0.000997,0.001624,0.017162,0.000312,88.284144, ,0.118198,0.310958,10,White,Default, ,Regular,yes,no,0,n/a,n/a, ,"1,2,3,4,5,6,7,8,9,10,11,12,13,14,15,16,17,18,19,20,21",255,255,255
80," ","1,2,3,4,5,6,7,8,9,11,12,13,14,15,17,18,19,20,21",1.142545,-0.000103,-0.002031,0.001228,0.001228,0.001540,0.002321,0.033971,0.000618,83.701267, ,0.249655,0.466111,18,White,Default, ,Regular,yes,no,0,n/a,n/a, ,"1,2,3,4,5,6,7,8,9,11,12,13,14,15,17,18,19,20,21",255,255,255
81," ","1,2,3,5,6,7,8,9,11,12,13,14,15,16,17,18,19,20,21",-0.142451,-0.000223,0.001925,0.001228,0.001228,0.001540,0.002321,0.067032,0.001219,81.716670, ,0.350498,0.767310,6,White,Default, ,Regular,yes,no,0,n/a,n/a, ,"1,2,3,5,6,7,8,9,11,12,13,14,15,16,17,18,19,20,21",255,255,255
82," ","1,2,3,4,5,6,7,8,9,10,11,12,13,14,15,16,17,18,19,20,21",0.856974,-0.000080,-0.001668,0.001067,0.001067,0.001277,0.001977,0.021241,0.000386,86.214568, ,0.183810,0.315392,18,White,Default, ,Regular,yes,no,0,n/a,n/a, ,"1,2,3,4,5,6,7,8,9,10,11,12,13,14,15,16,17,18,19,20,21",255,255,255
83," ","1,2,3,4,5,6,7,8,9,10,11,12,13,14,15,16,17,18,19,20,21",0.143055,-0.000068,-0.000046,0.001067,0.001067,0.001277,0.001977,0.027474,0.000500,84.881755, ,0.201984,0.379560,9,White,Default, ,Regular,yes,no,0,n/a,n/a, ,"1,2,3,4,5,6,7,8,9,10,11,12,13,14,15,16,17,18,19,20,21",255,255,255
84," ","1,2,3,4,5,6,7,8,9,10,11,12,13,14,15,16,17,18,19,20,21",0.285802,-0.000030,-0.000661,0.001016,0.001016,0.001191,0.001867,0.034695,0.000631,85.964158, ,0.193019,0.512115,11,White,Default, ,Regular,yes,no,0,n/a,n/a, ,"1,2,3,4,5,6,7,8,9,10,11,12,13,14,15,16,17,18,19,20,21",255,255,255
85," ","1,2,3,4,5,6,7,8,9,10,11,12,13,14,15,16,17,18,19,20,21",0.428715,0.000001,-0.000909,0.000990,0.000990,0.001146,0.001809,0.023761,0.000432,86.663937, ,0.150253,0.336263,11,White,Default, ,Regular,yes,no,0,n/a,n/a, ,"1,2,3,4,5,6,7,8,9,10,11,12,13,14,15,16,17,18,19,20,21",255,255,255
86," ","1,2,3,4,5,6,7,8,9,10,11,12,13,14,15,16,17,18,19,20,21",0.714240,-0.000115,-0.000041,0.001016,0.001016,0.001191,0.001867,0.021041,0.000383,86.851814, ,0.154369,0.308249,18,White,Default, ,Regular,yes,no,0,n/a,n/a, ,"1,2,3,4,5,6,7,8,9,10,11,12,13,14,15,16,17,18,19,20,21",255,255,255
87," ","1,2,3,4,5,6,7,8,9,10,11,12,13,14,15,16,17,18,19,20,21",0.571517,-0.000091,0.000544,0.000990,0.000990,0.001146,0.001809,0.029644,0.000539,87.005819, ,0.193350,0.387894,12,White,Default, ,Regular,yes,no,0,n/a,n/a, ,"1,2,3,4,5,6,7,8,9,10,11,12,13,14,15,16,17,18,19,20,21",255,255,255
88," ","1,2,3,4,5,6,7,9,11,12,13,15,17,18,19,20,21",1.142596,-0.142949,-0.002752,0.001312,0.001312,0.001672,0.002497,0.052076,0.000947,81.949544, ,0.379437,0.758198,18,White,Default, ,Regular,yes,no,0,n/a,n/a, ,"1,2,3,4,5,6,7,9,11,12,13,15,17,18,19,20,21",255,255,255
89," ","1,2,3,4,5,6,7,8,9,10,11,12,13,14,15,16,17,18,19,20,21",0.999808,-0.142997,-0.002550,0.001228,0.001228,0.001540,0.002321,0.040099,0.000729,83.439763, ,0.301224,0.528540,18,White,Default, ,Regular,yes,no,0,n/a,n/a, ,"1,2,3,4,5,6,7,8,9,10,11,12,13,14,15,16,17,18,19,20,21",255,255,255
90," ","1,2,3,5,8,9,11,13,14,15,16,17,18,19,20,21",-0.142582,-0.143045,0.001580,0.001312,0.001312,0.001672,0.002498,0.063117,0.001148,79.563523, ,0.408893,0.839838,20,White,Default, ,Regular,yes,no,0,n/a,n/a, ,"1,2,3,5,8,9,11,13,14,15,16,17,18,19,20,21",255,255,255
91," ","1,2,3,4,5,6,7,8,9,10,11,12,13,14,15,16,17,18,19,20,21",0.857060,-0.142952,-0.002184,0.001162,0.001162,0.001433,0.002180,0.032742,0.000595,84.493647, ,0.246094,0.491839,18,White,Default, ,Regular,yes,no,0,n/a,n/a, ,"1,2,3,4,5,6,7,8,9,10,11,12,13,14,15,16,17,18,19,20,21",255,255,255
92," ","1,2,3,4,5,7,8,9,10,11,13,14,15,16,17,18,19,20,21",0.000222,-0.143023,0.000430,0.001228,0.001228,0.001540,0.002322,0.042041,0.000764,81.117373, ,0.270819,0.509373,4,White,Default, ,Regular,yes,no,0,n/a,n/a, ,"1,2,3,4,5,7,8,9,10,11,13,14,15,16,17,18,19,20,21",255,255,255
93," ","1,2,3,4,5,6,7,8,9,10,11,12,13,14,15,16,17,18,19,20,21",0.714232,-0.142951,-0.001913,0.001116,0.001116,0.001357,0.002081,0.032746,0.000595,85.106043, ,0.228129,0.478889,18,White,Default, ,Regular,yes,no,0,n/a,n/a, ,"1,2,3,4,5,6,7,8,9,10,11,12,13,14,15,16,17,18,19,20,21",255,255,255
94," ","1,2,3,4,5,7,8,9,10,11,12,13,14,15,16,17,18,19,20,21",0.143028,-0.142920,-0.000464,0.001162,0.001162,0.001433,0.002180,0.031638,0.000575,83.398408, ,0.251910,0.447375,7,White,Default, ,Regular,yes,no,0,n/a,n/a, ,"1,2,3,4,5,7,8,9,10,11,12,13,14,15,16,17,18,19,20,21",255,255,255
95," ","1,2,3,4,5,7,8,9,10,11,12,13,14,15,16,17,18,19,20,21",0.285769,-0.142887,-0.001544,0.001116,0.001116,0.001357,0.002081,0.032556,0.000592,84.384405, ,0.233044,0.417378,11,White,Default, ,Regular,yes,no,0,n/a,n/a, ,"1,2,3,4,5,7,8,9,10,11,12,13,14,15,16,17,18,19,20,21",255,255,255
96," ","1,2,3,4,5,6,7,8,9,10,11,12,13,14,15,16,17,18,19,20,21",0.571391,-0.142850,-0.001780,0.001092,0.001092,0.001317,0.002029,0.031728,0.000577,85.277099, ,0.212453,0.441434,18,White,Default, ,Regular,yes,no,0,n/a,n/a, ,"1,2,3,4,5,6,7,8,9,10,11,12,13,14,15,16,17,18,19,20,21",255,255,255
97," ","1,2,3,4,5,6,7,8,9,10,11,12,13,14,15,16,17,18,19,20,21",0.428699,-0.142859,-0.001622,0.001092,0.001092,0.001317,0.002029,0.025832,0.000470,85.034827, ,0.206704,0.362226,18,White,Default, ,Regular,yes,no,0,n/a,n/a, ,"1,2,3,4,5,6,7,8,9,10,11,12,13,14,15,16,17,18,19,20,21",255,255,255
1001," ","1,2,3,4,5,6,7,8,9,10,11,12,13,14,15,16,17,18,19,20,21",0.000096,1.000161,-0.000659,0.001139,0.001138,0.001394,0.002130,0.026596,0.000484,84.270345,1,0.214483,0.351196,6,White,Default, ,Control,yes,no,0,1,1, ,"1,2,3,4,5,6,7,8,9,10,11,12,13,14,15,16,17,18,19,20,21",255,255,255
1002," ","1,2,3,4,5,6,7,8,9,10,11,12,13,14,15,16,17,18,19,20,21",0.999859,1.000158,0.000659,0.001138,0.001138,0.001394,0.002130,0.024923,0.000453,85.875235,2,0.219159,0.334675,16,White,Default, ,Control,yes,no,0,2,2, ,"1,2,3,4,5,6,7,8,9,10,11,12,13,14,15,16,17,18,19,20,21",255,255,255
1003," ","1,2,3,4,5,6,7,8,9,10,11,12,13,14,15,16,17,18,19,20,21",0.000225,-0.000117,0.000659,0.001138,0.001138,0.001394,0.002130,0.030292,0.000551,83.456010,3,0.236219,0.387249,6,White,Default, ,Control,yes,no,0,3,3, ,"1,2,3,4,5,6,7,8,9,10,11,12,13,14,15,16,17,18,19,20,21",255,255,255
1004," ","1,2,3,4,5,6,7,8,9,10,11,12,13,14,15,16,17,18,19,20,21",0.999819,-0.000203,-0.000659,0.001138,0.001138,0.001394,0.002130,0.034006,0.000618,85.216660,4,0.235443,0.405150,18,White,Default, ,Control,yes,no,0,4,4, ,"1,2,3,4,5,6,7,8,9,10,11,12,13,14,15,16,17,18,19,20,21",255,255,255
