Bundle Soln 
 0.000500 20 8858 12996
 1.00000  0.10000 10.00000 100.00000 100.00000 100.00000 20.00000 20.00000 20.00000
123.9392 26.5770 38.8110 53.14800 77.97600 0.00000 0.00000 0.00000 0.00000 0.00000
 0.00000  0.05315  0.07798 0.500000 0.500000 0.001000 0.000100 0.000100 0.001000 0.001000
   0 data/prague2016/sxb/images/8811.jpg
   0 -118.602  109.301 1776.750  -89.916   -0.418    0.786
   0   0.9666   1.3762   0.1738   0.0050   0.0303   0.0438

   0 123.939  26.577  38.811 53.14800 77.97600 0.00000 0.00000 0.00000 0.00000 0.00000
   0  0.00000  0.05315  0.07798 0.500000 0.500000 0.001000 0.000100 0.000100 0.001000 0.001000
   1 data/prague2016/sxb/images/8936.jpg
   1  281.962  365.024 1776.478   92.624   -0.015   -0.129
   1   0.8746   1.6093   0.2212   0.0048   0.0268   0.0514

   1 123.939  26.577  38.811 53.14800 77.97600 0.00000 0.00000 0.00000 0.00000 0.00000
   1  0.00000  0.05315  0.07798 0.500000 0.500000 0.001000 0.000100 0.000100 0.001000 0.001000
   2 data/prague2016/sxb/images/8937.jpg
   2  296.924  157.249 1770.583   94.402   -0.023   -0.171
   2   0.7761   1.1782   0.1112   0.0036   0.0241   0.0377

   2 123.939  26.577  38.811 53.14800 77.97600 0.00000 0.00000 0.00000 0.00000 0.00000
   2  0.00000  0.05315  0.07798 0.500000 0.500000 0.001000 0.000100 0.000100 0.001000 0.001000
   3 data/prague2016/sxb/images/8938.jpg
   3  314.157  -60.473 1767.097   96.145    0.121   -0.114
   3   0.9041   3.2806   0.2413   0.0043   0.0282   0.1058

   3 123.939  26.577  38.811 53.14800 77.97600 0.00000 0.00000 0.00000 0.00000 0.00000
   3  0.00000  0.05315  0.07798 0.500000 0.500000 0.001000 0.000100 0.000100 0.001000 0.001000
   4 data/prague2016/sxb/images/9111.jpg
   4  704.516  110.230 1797.090  -92.543   -0.175    0.516
   4   1.9403   1.3587   0.4198   0.0057   0.0614   0.0425

   4 123.939  26.577  38.811 53.14800 77.97600 0.00000 0.00000 0.00000 0.00000 0.00000
   4  0.00000  0.05315  0.07798 0.500000 0.500000 0.001000 0.000100 0.000100 0.001000 0.001000

     317 -174.92251   83.83903   -0.38513   0.018540   0.018414   0.038846
     333  354.98480  330.58284   -1.82381   0.018873   0.018584   0.039295
     347  680.82320  505.23010   -0.38111   0.019110   0.019044   0.039121
     351  771.77889   14.69401    0.03347   0.018636   0.018517   0.039006
     375 -160.45843  110.23725   -0.86693   0.018720   0.018627   0.039003
     403 -608.83307  431.95656   -0.19160   0.019638   0.019579   0.039389
     410  194.93147  216.27765   -0.12065   0.018797   0.018594   0.039073
     422  347.24816  -81.49581   -1.28889   0.018400   0.018208   0.038995
     428  192.44473 -216.03933   -0.29071   0.018853   0.018781   0.039031
     492 -172.59367   81.76445   -0.71618   0.018831   0.018743   0.038848
     552  795.55869   -2.40035   -0.19372   0.018854   0.018783   0.039062
     563  387.28388  413.69675   -1.07019   0.018725   0.018572   0.039193
     590  201.48118 -209.52438   -0.43213   0.019063   0.018993   0.039123
     607  722.96702  365.29928   -0.18553   0.018669   0.018718   0.038983
     634  662.39953  416.48968   -0.07751   0.018954   0.018894   0.039073
     651  579.95210  169.15928   -0.67407   0.018281   0.018192   0.039059

     317 -174.92251   83.83903   -0.38513   0.018540   0.018414   0.038846
     333  354.98480  330.58284   -1.82381   0.018873   0.018584   0.039295
     347  680.82320  505.23010   -0.38111   0.019110   0.019044   0.039121
     351  771.77889   14.69401    0.03347   0.018636   0.018517   0.039006
     375 -160.45843  110.23725   -0.86693   0.018720   0.018627   0.039003
     403 -608.83307  431.95656   -0.19160   0.019638   0.019579   0.039389
     410  194.93147  216.27765   -0.12065   0.018797   0.018594   0.039073
     422  347.24816  -81.49581   -1.28889   0.018400   0.018208   0.038995
     428  192.44473 -216.03933   -0.29071   0.018853   0.018781   0.039031
     492 -172.59367   81.76445   -0.71618   0.018831   0.018743   0.038848
     552  795.55869   -2.40035   -0.19372   0.018854   0.018783   0.039062
     563  387.28388  413.69675   -1.07019   0.018725   0.018572   0.039193
     590  201.48118 -209.52438   -0.43213   0.019063   0.018993   0.039123
     607  722.96702  365.29928   -0.18553   0.018669   0.018718   0.038983
     634  662.39953  416.48968   -0.07751   0.018954   0.018894   0.039073
     651  579.95210  169.15928   -0.67407   0.018281   0.018192   0.039059

   0      333 2158.2500 1135.5000  1.00000  1.00000
   0      410 3478.1358 2979.2802  1.00000  1.00000
   0      422 6936.8000 1211.3865  1.00000  1.00000
   0      428 8503.6000 3004.5772  1.00000  1.00000
   0      375 4700.3506 7105.9468  1.00000  1.00000
   0      317 5007.6667 7275.6667  1.00000  1.00000
   0      403  955.1383 12311.1660  1.00000  1.00000
   1      492 1431.0000 1037.0000  1.00000  1.00000
   1      317 1453.6667 1012.3333  1.00000  1.00000
   1      333 4039.0000 7293.3333  1.00000  1.00000
   1      563 4984.0000 7714.3333  1.00000  1.00000
   1      651 2043.7778 9819.7069  1.00000  1.00000
   1      351  148.6667 11965.6667  1.00000  1.00000
   1      607 4245.3951 11587.6550  1.00000  1.00000
   1      634 4870.8049 10911.3411  1.00000  1.00000
   1      347 5892.0519 11172.1777  1.00000  1.00000
   2      317 4060.0000  912.3333  1.00000  1.00000
   2      492 4034.3333  937.3333  1.00000  1.00000
   2      375 4354.7975 1106.0428  1.00000  1.00000
   2      422 1672.0000 6836.0000  1.00000  1.00000
   2      333 6455.6593 7294.8080  1.00000  1.00000
   2      563 7392.6000 7745.8755  1.00000  1.00000
   2      651 4377.0395 9766.5071  1.00000  1.00000
   2      351 2409.1556 11859.1323  1.00000  1.00000
   2      552 2189.3802 12119.3787  1.00000  1.00000
   2      607 6530.8988 11607.8742  1.00000  1.00000
   2      634 7180.1704 10949.7925  1.00000  1.00000
   2      347 8197.3333 11243.6667  1.00000  1.00000
   3      317 6751.9119 1015.9611  1.00000  1.00000
   3      492 6726.4347 1040.1297  1.00000  1.00000
   3      375 7042.5000 1218.8872  1.00000  1.00000
   3      428 2811.5000 4908.7134  1.00000  1.00000
   3      590 2876.5000 5020.1089  1.00000  1.00000
   3      410 7829.6064 5477.0000  1.00000  1.00000
   3      422 4180.5122 6874.6667  1.00000  1.00000
   3      651 6803.0851 9893.6667  1.00000  1.00000
   3      351 4767.0000 11933.7743  1.00000  1.00000
   3      552 4537.7295 12186.4202  1.00000  1.00000
   4      607 1684.0000 6440.8132  1.00000  1.00000
   4      563 1300.7447 10316.1064  1.00000  1.00000
   4      410 3661.4468 12430.6667  1.00000  1.00000
   4      651 4005.5167 7983.6667  1.00000  1.00000
   4      422 7002.7356 10531.3333  1.00000  1.00000
   4      428 8635.4377 12250.7393  1.00000  1.00000
   4      590 8556.0000 12150.2853  1.00000  1.00000
   4      351 5681.0000 5699.7756  1.00000  1.00000
   4      552 5865.9301 5420.7601  1.00000  1.00000

   1    1      317 
   2    1      333 
   3    1      347 
   4    1      351 
   5    1      375 
   6    1      403 
   7    1      410 
   8    1      422 
   9    1      428 
  10    1      492 
  11    1      552 
  12    1      563 
  13    1      590 
  14    1      607 
  15    1      634 
  16    1      651 

   0    1
   0    2
   0    5
   0    6
   0    7
   0    8
   0    9
   1    1
   1    2
   1    3
   1    4
   1   10
   1   12
   1   14
   1   15
   1   16
   2    1
   2    2
   2    3
   2    4
   2    5
   2    8
   2   10
   2   11
   2   12
   2   14
   2   15
   2   16
   3    1
   3    4
   3    5
   3    7
   3    8
   3    9
   3   10
   3   11
   3   13
   3   16
   4    4
   4    7
   4    8
   4    9
   4   11
   4   12
   4   13
   4   14
   4   16

