Bundle Soln 
 0.000500 20 8858 12996
 1.00000  0.10000 10.00000 100.00000 100.00000 100.00000 20.00000 20.00000 20.00000
123.9392 26.5770 38.8110 53.14800 77.97600 0.00000 0.00000 0.00000 0.00000 0.00000
 0.00000  0.05315  0.07798 0.500000 0.500000 0.001000 0.000100 0.000100 0.001000 0.001000
   0 data/prague2016/sxb/images/8811.jpg
   0 -118.578  109.094 1776.744  -89.916   -0.417    0.792
   0   0.8324   1.1961   0.1529   0.0043   0.0261   0.0381

   0 123.939  26.577  38.811 53.14800 77.97600 0.00000 0.00000 0.00000 0.00000 0.00000
   0  0.00000  0.05315  0.07798 0.500000 0.500000 0.001000 0.000100 0.000100 0.001000 0.001000
   1 data/prague2016/sxb/images/8936.jpg
   1  281.727  364.630 1776.539   92.625   -0.022   -0.117
   1   0.6956   1.3221   0.1849   0.0040   0.0215   0.0423

   1 123.939  26.577  38.811 53.14800 77.97600 0.00000 0.00000 0.00000 0.00000 0.00000
   1  0.00000  0.05315  0.07798 0.500000 0.500000 0.001000 0.000100 0.000100 0.001000 0.001000
   2 data/prague2016/sxb/images/8937.jpg
   2  296.675  157.142 1770.587   94.402   -0.030   -0.168
   2   0.6484   1.0333   0.0976   0.0031   0.0202   0.0331

   2 123.939  26.577  38.811 53.14800 77.97600 0.00000 0.00000 0.00000 0.00000 0.00000
   2  0.00000  0.05315  0.07798 0.500000 0.500000 0.001000 0.000100 0.000100 0.001000 0.001000
   3 data/prague2016/sxb/images/8938.jpg
   3  314.184  -60.151 1767.114   96.145    0.122   -0.125
   3   0.8002   2.9025   0.2130   0.0038   0.0249   0.0936

   3 123.939  26.577  38.811 53.14800 77.97600 0.00000 0.00000 0.00000 0.00000 0.00000
   3  0.00000  0.05315  0.07798 0.500000 0.500000 0.001000 0.000100 0.000100 0.001000 0.001000
   4 data/prague2016/sxb/images/9111.jpg
   4  704.368  110.613 1797.099  -92.545   -0.180    0.504
   4   1.6612   1.1292   0.3693   0.0048   0.0526   0.0353

   4 123.939  26.577  38.811 53.14800 77.97600 0.00000 0.00000 0.00000 0.00000 0.00000
   4  0.00000  0.05315  0.07798 0.500000 0.500000 0.001000 0.000100 0.000100 0.001000 0.001000

     317 -174.91857   83.82676   -0.39031   0.016403   0.016291   0.034382
     333  354.97530  330.59387   -1.82429   0.016684   0.016425   0.034762
     347  680.82321  505.23298   -0.37863   0.016909   0.016838   0.034621
     351  771.79147   14.69741    0.03705   0.016492   0.016385   0.034521
     375 -160.45192  110.24536   -0.87119   0.016559   0.016479   0.034521
     403 -608.83410  431.95640   -0.19057   0.017380   0.017324   0.034861
     410  194.93896  216.25789   -0.12925   0.016572   0.016434   0.034562
     422  347.25244  -81.49323   -1.28594   0.016267   0.016111   0.034511
     428  192.44627 -216.02821   -0.29758   0.016680   0.016620   0.034545
     492 -172.60752   81.76764   -0.70303   0.016663   0.016580   0.034383
     552  795.55343   -2.40458   -0.19707   0.016687   0.016621   0.034573
     563  387.28354  413.68736   -1.07141   0.016563   0.016414   0.034667
     590  201.47161 -209.51939   -0.42711   0.016868   0.016807   0.034627
     607  722.97410  365.30227   -0.18315   0.016506   0.016563   0.034502
     634  662.39936  416.48471   -0.07932   0.016775   0.016717   0.034582
     651  579.94840  169.15976   -0.67289   0.016169   0.016099   0.034569

     317 -174.91857   83.82676   -0.39031   0.016403   0.016291   0.034382
     333  354.97530  330.59387   -1.82429   0.016684   0.016425   0.034762
     347  680.82321  505.23298   -0.37863   0.016909   0.016838   0.034621
     351  771.79147   14.69741    0.03705   0.016492   0.016385   0.034521
     375 -160.45192  110.24536   -0.87119   0.016559   0.016479   0.034521
     403 -608.83410  431.95640   -0.19057   0.017380   0.017324   0.034861
     410  194.93896  216.25789   -0.12925   0.016572   0.016434   0.034562
     422  347.25244  -81.49323   -1.28594   0.016267   0.016111   0.034511
     428  192.44627 -216.02821   -0.29758   0.016680   0.016620   0.034545
     492 -172.60752   81.76764   -0.70303   0.016663   0.016580   0.034383
     552  795.55343   -2.40458   -0.19707   0.016687   0.016621   0.034573
     563  387.28354  413.68736   -1.07141   0.016563   0.016414   0.034667
     590  201.47161 -209.51939   -0.42711   0.016868   0.016807   0.034627
     607  722.97410  365.30227   -0.18315   0.016506   0.016563   0.034502
     634  662.39936  416.48471   -0.07932   0.016775   0.016717   0.034582
     651  579.94840  169.15976   -0.67289   0.016169   0.016099   0.034569
     745  227.85258  384.04020   20.35129   0.046877   0.051258   0.269258

   0      333 2158.2500 1135.5000  1.00000  1.00000
   0      410 3478.1358 2979.2802  1.00000  1.00000
   0      422 6936.8000 1211.3865  1.00000  1.00000
   0      428 8503.6000 3004.5772  1.00000  1.00000
   0      375 4700.3506 7105.9468  1.00000  1.00000
   0      317 5007.6667 7275.6667  1.00000  1.00000
   0      403  955.1383 12311.1660  1.00000  1.00000
   0      745 1498.0000 2554.5993  1.00000  1.00000
   1      492 1431.0000 1037.0000  1.00000  1.00000
   1      317 1453.6667 1012.3333  1.00000  1.00000
   1      333 4039.0000 7293.3333  1.00000  1.00000
   1      563 4984.0000 7714.3333  1.00000  1.00000
   1      651 2043.7778 9819.7069  1.00000  1.00000
   1      351  148.6667 11965.6667  1.00000  1.00000
   1      607 4245.3951 11587.6550  1.00000  1.00000
   1      634 4870.8049 10911.3411  1.00000  1.00000
   1      347 5892.0519 11172.1777  1.00000  1.00000
   1      745 4729.3989 5840.1319  1.00000  1.00000
   2      317 4060.0000  912.3333  1.00000  1.00000
   2      492 4034.3333  937.3333  1.00000  1.00000
   2      375 4354.7975 1106.0428  1.00000  1.00000
   2      422 1672.0000 6836.0000  1.00000  1.00000
   2      333 6455.6593 7294.8080  1.00000  1.00000
   2      563 7392.6000 7745.8755  1.00000  1.00000
   2      651 4377.0395 9766.5071  1.00000  1.00000
   2      351 2409.1556 11859.1323  1.00000  1.00000
   2      552 2189.3802 12119.3787  1.00000  1.00000
   2      607 6530.8988 11607.8742  1.00000  1.00000
   2      634 7180.1704 10949.7925  1.00000  1.00000
   2      347 8197.3333 11243.6667  1.00000  1.00000
   2      745 7224.4840 5858.2750  1.00000  1.00000
   3      317 6751.9119 1015.9611  1.00000  1.00000
   3      492 6726.4347 1040.1297  1.00000  1.00000
   3      375 7042.5000 1218.8872  1.00000  1.00000
   3      428 2811.5000 4908.7134  1.00000  1.00000
   3      590 2876.5000 5020.1089  1.00000  1.00000
   3      410 7829.6064 5477.0000  1.00000  1.00000
   3      422 4180.5122 6874.6667  1.00000  1.00000
   3      651 6803.0851 9893.6667  1.00000  1.00000
   3      351 4767.0000 11933.7743  1.00000  1.00000
   3      552 4537.7295 12186.4202  1.00000  1.00000
   4      607 1684.0000 6440.8132  1.00000  1.00000
   4      563 1300.7447 10316.1064  1.00000  1.00000
   4      410 3661.4468 12430.6667  1.00000  1.00000
   4      651 4005.5167 7983.6667  1.00000  1.00000
   4      422 7002.7356 10531.3333  1.00000  1.00000
   4      428 8635.4377 12250.7393  1.00000  1.00000
   4      590 8556.0000 12150.2853  1.00000  1.00000
   4      351 5681.0000 5699.7756  1.00000  1.00000
   4      552 5865.9301 5420.7601  1.00000  1.00000
   4      745 1686.2747 12198.8175  1.00000  1.00000

   1    1      317 
   2    1      333 
   3    1      347 
   4    1      351 
   5    1      375 
   6    1      403 
   7    1      410 
   8    1      422 
   9    1      428 
  10    1      492 
  11    1      552 
  12    1      563 
  13    1      590 
  14    1      607 
  15    1      634 
  16    1      651 
  17    1      745 

   0    1
   0    2
   0    5
   0    6
   0    7
   0    8
   0    9
   0   17
   1    1
   1    2
   1    3
   1    4
   1   10
   1   12
   1   14
   1   15
   1   16
   1   17
   2    1
   2    2
   2    3
   2    4
   2    5
   2    8
   2   10
   2   11
   2   12
   2   14
   2   15
   2   16
   2   17
   3    1
   3    4
   3    5
   3    7
   3    8
   3    9
   3   10
   3   11
   3   13
   3   16
   4    4
   4    7
   4    8
   4    9
   4   11
   4   12
   4   13
   4   14
   4   16
   4   17

