Project Units: meters
Units & Scale - Active, Translate - Active, Rotate - Active

Id,Name,Photos (used),X (project units),Y (project units),Z (project units),X Precision,Y Precision,Z Precision,Precision Vector Length,Tightness (percent),Tightness (project units),Angle (deg.),Control Name,RMS Residual (pixels),Largest Residual (pixels),Photo Largest Residual,Material,Layer,Tagged,Type,Use In Processing,Frozen,#Constraints,Target Code,Target Bits,Ref. Check Tag,Photos (marked),Color (R),Color (G),Color (B)
2," ","1,2,3,4,5,6,7,8,9,10,11,12,13,14,15,16,17,18,19,20,21",0.285721,1.143037,-0.000990,0.000044,0.000043,0.000075,0.000097,0.037511,0.000682,85.604862, ,0.261467,0.511814,6,White,Default, ,Regular,yes,no,0,n/a,n/a, ,"1,2,3,4,5,6,7,8,9,10,11,12,13,14,15,16,17,18,19,20,21",255,255,255
3," ","1,2,3,4,5,6,7,8,9,10,11,12,13,14,15,16,17,18,19,20,21",0.428622,1.143108,-0.000230,0.000044,0.000042,0.000074,0.000096,0.033814,0.000615,86.326354, ,0.222883,0.475602,6,White,Default, ,Regular,yes,no,0,n/a,n/a, ,"1,2,3,4,5,6,7,8,9,10,11,12,13,14,15,16,17,18,19,20,21",255,255,255
4," ","1,2,3,4,5,7,8,9,10,11,12,13,14,15,16,17,18,19,20,21",0.142979,1.143124,-0.000840,0.000045,0.000044,0.000078,0.000100,0.030045,0.000546,84.468461, ,0.239445,0.374918,16,White,Default, ,Regular,yes,no,0,n/a,n/a, ,"1,2,3,4,5,7,8,9,10,11,12,13,14,15,16,17,18,19,20,21",255,255,255
5," ","1,2,3,4,5,6,7,8,9,10,11,12,13,14,15,16,17,18,19,20,21",0.571353,1.143164,0.000784,0.000044,0.000042,0.000074,0.000096,0.027194,0.000494,86.593419, ,0.213540,0.430629,6,White,Default, ,Regular,yes,no,0,n/a,n/a, ,"1,2,3,4,5,6,7,8,9,10,11,12,13,14,15,16,17,18,19,20,21",255,255,255
6," ","1,2,3,4,5,7,8,9,10,11,12,13,14,15,16,17,18,19,20,21",0.000141,1.143101,-0.000885,0.000046,0.000045,0.000081,0.000103,0.035513,0.000646,82.937166, ,0.291437,0.465014,16,White,Default, ,Regular,yes,no,0,n/a,n/a, ,"1,2,3,4,5,7,8,9,10,11,12,13,14,15,16,17,18,19,20,21",255,255,255
7," ","1,2,3,4,5,6,7,8,9,10,11,12,13,14,15,16,17,18,19,20,21",0.714058,1.143134,0.000247,0.000044,0.000043,0.000075,0.000097,0.030057,0.000547,86.326626, ,0.221009,0.426056,6,White,Default, ,Regular,yes,no,0,n/a,n/a, ,"1,2,3,4,5,6,7,8,9,10,11,12,13,14,15,16,17,18,19,20,21",255,255,255
8," ","1,2,3,4,5,7,9,10,11,12,13,14,15,17,18,19,20,21",-0.142667,1.143060,-0.000551,0.000048,0.000047,0.000086,0.000109,0.052833,0.000961,80.972229, ,0.414430,0.754859,20,White,Default, ,Regular,yes,no,0,n/a,n/a, ,"1,2,3,4,5,7,9,10,11,12,13,14,15,17,18,19,20,21",255,255,255
9," ","1,2,3,4,5,6,7,8,9,10,11,12,13,14,15,16,17,18,19,20,21",0.856972,1.143119,0.000181,0.000045,0.000043,0.000076,0.000098,0.030269,0.000550,85.567709, ,0.256115,0.390458,7,White,Default, ,Regular,yes,no,0,n/a,n/a, ,"1,2,3,4,5,6,7,8,9,10,11,12,13,14,15,16,17,18,19,20,21",255,255,255
10," ","1,2,3,4,5,6,7,8,9,10,11,12,13,14,15,16,17,18,19,20,21",0.999794,1.143120,-0.001406,0.000046,0.000044,0.000079,0.000101,0.044594,0.000811,84.296276, ,0.304429,0.490339,14,White,Default, ,Regular,yes,no,0,n/a,n/a, ,"1,2,3,4,5,6,7,8,9,10,11,12,13,14,15,16,17,18,19,20,21",255,255,255
11," ","1,2,3,5,6,7,8,9,10,11,13,15,16,17,18,19,20,21",1.142572,1.143183,-0.000553,0.000049,0.000047,0.000086,0.000110,0.055724,0.001013,82.590752, ,0.443185,1.049404,21,White,Default, ,Regular,yes,no,0,n/a,n/a, ,"1,2,3,5,6,7,8,9,10,11,13,15,16,17,18,19,20,21",255,255,255
12," ","1,2,3,4,5,6,7,8,9,10,11,12,13,14,15,16,17,18,19,20,21",0.285798,1.000079,-0.000239,0.000043,0.000042,0.000072,0.000093,0.020887,0.000380,87.140721, ,0.165211,0.284160,6,White,Default, ,Regular,yes,no,0,n/a,n/a, ,"1,2,3,4,5,6,7,8,9,10,11,12,13,14,15,16,17,18,19,20,21",255,255,255
13," ","1,2,3,4,5,6,7,8,9,10,11,12,13,14,15,16,17,18,19,20,21",0.428541,1.000119,0.000125,0.000043,0.000041,0.000071,0.000092,0.023923,0.000435,87.899325, ,0.169082,0.263328,11,White,Default, ,Regular,yes,no,0,n/a,n/a, ,"1,2,3,4,5,6,7,8,9,10,11,12,13,14,15,16,17,18,19,20,21",255,255,255
14," ","1,2,3,4,5,6,7,8,9,10,11,12,13,14,15,16,17,18,19,20,21",0.142936,1.000143,-0.000602,0.000043,0.000042,0.000073,0.000095,0.024899,0.000453,85.915726, ,0.179525,0.291955,16,White,Default, ,Regular,yes,no,0,n/a,n/a, ,"1,2,3,4,5,6,7,8,9,10,11,12,13,14,15,16,17,18,19,20,21",255,255,255
15," ","1,2,3,4,5,6,7,8,9,10,11,12,13,14,15,16,17,18,19,20,21",0.571374,1.000124,0.001269,0.000043,0.000041,0.000071,0.000092,0.024615,0.000448,88.169027, ,0.166674,0.307211,18,White,Default, ,Regular,yes,no,0,n/a,n/a, ,"1,2,3,4,5,6,7,8,9,10,11,12,13,14,15,16,17,18,19,20,21",255,255,255
16," ","1,2,3,4,5,6,7,8,9,10,11,12,13,14,15,16,17,18,19,20,21",0.714087,1.000133,0.000547,0.000043,0.000042,0.000072,0.000093,0.020004,0.000364,87.851353, ,0.158452,0.326202,18,White,Default, ,Regular,yes,no,0,n/a,n/a, ,"1,2,3,4,5,6,7,8,9,10,11,12,13,14,15,16,17,18,19,20,21",255,255,255
17," ","1,2,3,4,5,6,7,8,9,10,11,12,13,14,15,16,17,18,19,20,21",-0.142656,1.000109,0.000434,0.000044,0.000044,0.000079,0.000101,0.035978,0.000654,82.718162, ,0.276207,0.420894,9,White,Default, ,Regular,yes,no,0,n/a,n/a, ,"1,2,3,4,5,6,7,8,9,10,11,12,13,14,15,16,17,18,19,20,21",255,255,255
18," ","1,2,3,4,5,6,7,8,9,10,11,12,13,14,15,16,17,18,19,20,21",0.856973,1.000156,0.000379,0.000044,0.000042,0.000073,0.000095,0.023948,0.000435,87.100160, ,0.181947,0.333814,16,White,Default, ,Regular,yes,no,0,n/a,n/a, ,"1,2,3,4,5,6,7,8,9,10,11,12,13,14,15,16,17,18,19,20,21",255,255,255
19," ","1,2,3,4,5,6,7,8,9,10,11,12,13,14,15,16,17,18,19,20,21",1.142574,1.000129,-0.001035,0.000046,0.000044,0.000079,0.000101,0.038473,0.000700,84.122534, ,0.307247,0.556758,2,White,Default, ,Regular,yes,no,0,n/a,n/a, ,"1,2,3,4,5,6,7,8,9,10,11,12,13,14,15,16,17,18,19,20,21",255,255,255
20," ","1,2,3,4,5,6,7,8,9,10,11,12,13,14,15,16,17,18,19,20,21",0.285914,0.857131,0.000143,0.000042,0.000041,0.000069,0.000091,0.020359,0.000370,88.311125, ,0.130467,0.230225,16,White,Default, ,Regular,yes,no,0,n/a,n/a, ,"1,2,3,4,5,6,7,8,9,10,11,12,13,14,15,16,17,18,19,20,21",255,255,255
21," ","1,2,3,4,5,6,7,8,9,10,11,12,13,14,15,16,17,18,19,20,21",0.143042,0.857177,0.000020,0.000042,0.000042,0.000071,0.000092,0.025410,0.000462,87.029591, ,0.144159,0.282712,21,White,Default, ,Regular,yes,no,0,n/a,n/a, ,"1,2,3,4,5,6,7,8,9,10,11,12,13,14,15,16,17,18,19,20,21",255,255,255
22," ","1,2,3,4,5,6,7,8,9,10,11,12,13,14,15,16,17,18,19,20,21",0.428634,0.857125,0.000339,0.000042,0.000041,0.000068,0.000090,0.016047,0.000292,89.097917, ,0.121014,0.197616,11,White,Default, ,Regular,yes,no,0,n/a,n/a, ,"1,2,3,4,5,6,7,8,9,10,11,12,13,14,15,16,17,18,19,20,21",255,255,255
23," ","1,2,3,4,5,6,7,8,9,10,11,12,13,14,15,16,17,18,19,20,21",0.000218,0.857211,0.000562,0.000043,0.000042,0.000073,0.000095,0.024308,0.000442,85.309977, ,0.170192,0.289089,21,White,Default, ,Regular,yes,no,0,n/a,n/a, ,"1,2,3,4,5,6,7,8,9,10,11,12,13,14,15,16,17,18,19,20,21",255,255,255
24," ","1,2,3,4,5,6,7,8,9,10,11,12,13,14,15,16,17,18,19,20,21",0.571397,0.857139,0.002229,0.000042,0.000041,0.000068,0.000090,0.017867,0.000325,89.426642, ,0.125490,0.277909,21,White,Default, ,Regular,yes,no,0,n/a,n/a, ,"1,2,3,4,5,6,7,8,9,10,11,12,13,14,15,16,17,18,19,20,21",255,255,255
25," ","1,2,3,4,5,6,7,8,9,10,11,12,13,14,15,16,17,18,19,20,21",-0.142516,0.857160,0.000465,0.000044,0.000043,0.000077,0.000098,0.039358,0.000716,83.697572, ,0.248232,0.460732,15,White,Default, ,Regular,yes,no,0,n/a,n/a, ,"1,2,3,4,5,6,7,8,9,10,11,12,13,14,15,16,17,18,19,20,21",255,255,255
26," ","1,2,3,4,5,6,7,8,9,10,11,12,13,14,15,16,17,18,19,20,21",0.714171,0.857145,0.002289,0.000042,0.000041,0.000069,0.000091,0.022488,0.000409,89.140505, ,0.147277,0.320722,21,White,Default, ,Regular,yes,no,0,n/a,n/a, ,"1,2,3,4,5,6,7,8,9,10,11,12,13,14,15,16,17,18,19,20,21",255,255,255
27," ","1,2,3,4,5,6,7,8,9,10,11,12,13,14,15,16,17,18,19,20,21",0.856900,0.857228,0.000598,0.000043,0.000042,0.000071,0.000093,0.017929,0.000326,88.244928, ,0.145031,0.274289,17,White,Default, ,Regular,yes,no,0,n/a,n/a, ,"1,2,3,4,5,6,7,8,9,10,11,12,13,14,15,16,17,18,19,20,21",255,255,255
28," ","1,2,3,4,5,6,7,8,9,10,11,12,13,14,15,16,17,18,19,20,21",0.999777,0.857194,-0.000003,0.000044,0.000043,0.000073,0.000095,0.022732,0.000413,86.885999, ,0.183121,0.334848,17,White,Default, ,Regular,yes,no,0,n/a,n/a, ,"1,2,3,4,5,6,7,8,9,10,11,12,13,14,15,16,17,18,19,20,21",255,255,255
29," ","1,2,3,4,5,6,7,8,9,10,11,12,13,14,15,16,17,18,19,20,21",1.142540,0.857214,-0.000876,0.000045,0.000044,0.000076,0.000099,0.026130,0.000475,85.280450, ,0.232451,0.350234,10,White,Default, ,Regular,yes,no,0,n/a,n/a, ,"1,2,3,4,5,6,7,8,9,10,11,12,13,14,15,16,17,18,19,20,21",255,255,255
30," ","1,2,3,4,5,6,7,8,9,10,11,12,13,14,15,16,17,18,19,20,21",-0.142524,0.714230,-0.000002,0.000043,0.000043,0.000075,0.000097,0.026541,0.000483,84.290228, ,0.208175,0.432062,10,White,Default, ,Regular,yes,no,0,n/a,n/a, ,"1,2,3,4,5,6,7,8,9,10,11,12,13,14,15,16,17,18,19,20,21",255,255,255
31," ","1,2,3,4,5,6,7,8,9,10,11,12,13,14,15,16,17,18,19,20,21",0.000260,0.714257,0.001022,0.000042,0.000042,0.000072,0.000093,0.024105,0.000438,85.894502, ,0.167010,0.292834,10,White,Default, ,Regular,yes,no,0,n/a,n/a, ,"1,2,3,4,5,6,7,8,9,10,11,12,13,14,15,16,17,18,19,20,21",255,255,255
32," ","1,2,3,4,5,6,7,8,9,10,11,12,13,14,15,16,17,18,19,20,21",0.143232,0.714216,0.000937,0.000042,0.000041,0.000069,0.000091,0.028157,0.000512,87.689365, ,0.200937,0.346611,15,White,Default, ,Regular,yes,no,0,n/a,n/a, ,"1,2,3,4,5,6,7,8,9,10,11,12,13,14,15,16,17,18,19,20,21",255,255,255
33," ","1,2,3,4,5,6,7,8,9,10,11,12,13,14,15,16,17,18,19,20,21",0.285960,0.714181,0.000320,0.000041,0.000041,0.000067,0.000089,0.015697,0.000285,88.989031, ,0.111473,0.175623,16,White,Default, ,Regular,yes,no,0,n/a,n/a, ,"1,2,3,4,5,6,7,8,9,10,11,12,13,14,15,16,17,18,19,20,21",255,255,255
34," ","1,2,3,4,5,6,7,8,9,10,11,12,13,14,15,16,17,18,19,20,21",0.428718,0.714195,0.000336,0.000041,0.000040,0.000066,0.000088,0.013788,0.000251,89.791569, ,0.102195,0.198413,18,White,Default, ,Regular,yes,no,0,n/a,n/a, ,"1,2,3,4,5,6,7,8,9,10,11,12,13,14,15,16,17,18,19,20,21",255,255,255
35," ","1,2,3,4,5,6,7,8,9,10,11,12,13,14,15,16,17,18,19,20,21",0.856893,0.714250,0.000578,0.000042,0.000041,0.000069,0.000091,0.019297,0.000351,88.947238, ,0.138635,0.347218,21,White,Default, ,Regular,yes,no,0,n/a,n/a, ,"1,2,3,4,5,6,7,8,9,10,11,12,13,14,15,16,17,18,19,20,21",255,255,255
36," ","1,2,3,4,5,6,7,8,9,10,11,12,13,14,15,16,17,18,19,20,21",0.571555,0.714176,0.003609,0.000042,0.000040,0.000066,0.000088,0.026792,0.000487,89.817993, ,0.148442,0.292233,12,White,Default, ,Regular,yes,no,0,n/a,n/a, ,"1,2,3,4,5,6,7,8,9,10,11,12,13,14,15,16,17,18,19,20,21",255,255,255
37," ","1,2,3,4,5,6,7,8,9,10,11,12,13,14,15,16,17,18,19,20,21",0.714177,0.714198,0.002350,0.000042,0.000041,0.000067,0.000089,0.029908,0.000544,89.845413, ,0.159950,0.336809,12,White,Default, ,Regular,yes,no,0,n/a,n/a, ,"1,2,3,4,5,6,7,8,9,10,11,12,13,14,15,16,17,18,19,20,21",255,255,255
38," ","1,2,3,4,5,6,7,8,9,10,11,12,13,14,15,16,17,18,19,20,21",0.999781,0.714230,-0.000635,0.000043,0.000042,0.000071,0.000094,0.021695,0.000394,87.547343, ,0.165112,0.316897,17,White,Default, ,Regular,yes,no,0,n/a,n/a, ,"1,2,3,4,5,6,7,8,9,10,11,12,13,14,15,16,17,18,19,20,21",255,255,255
39," ","1,2,3,4,5,6,7,8,9,10,11,12,13,14,15,16,17,18,19,20,21",1.142632,0.714274,0.002362,0.000044,0.000043,0.000075,0.000097,0.025361,0.000461,86.179094, ,0.207147,0.340061,10,White,Default, ,Regular,yes,no,0,n/a,n/a, ,"1,2,3,4,5,6,7,8,9,10,11,12,13,14,15,16,17,18,19,20,21",255,255,255
40," ","1,2,3,4,5,6,7,8,9,10,11,12,13,14,15,16,17,18,19,20,21",0.143260,0.571359,0.000950,0.000041,0.000041,0.000068,0.000090,0.019621,0.000357,87.802187, ,0.146384,0.283905,18,White,Default, ,Regular,yes,no,0,n/a,n/a, ,"1,2,3,4,5,6,7,8,9,10,11,12,13,14,15,16,17,18,19,20,21",255,255,255
41," ","1,2,3,4,5,6,7,8,9,10,11,12,13,14,15,16,17,18,19,20,21",0.285982,0.571342,0.000909,0.000041,0.000041,0.000066,0.000088,0.019083,0.000347,89.153454, ,0.130515,0.208625,18,White,Default, ,Regular,yes,no,0,n/a,n/a, ,"1,2,3,4,5,6,7,8,9,10,11,12,13,14,15,16,17,18,19,20,21",255,255,255
42," ","1,2,3,4,5,6,7,8,9,10,11,12,13,14,15,16,17,18,19,20,21",-0.142483,0.571334,0.004023,0.000043,0.000043,0.000074,0.000096,0.038378,0.000698,84.635863, ,0.228456,0.465787,10,White,Default, ,Regular,yes,no,0,n/a,n/a, ,"1,2,3,4,5,6,7,8,9,10,11,12,13,14,15,16,17,18,19,20,21",255,255,255
43," ","1,2,3,4,5,6,7,8,9,10,11,12,13,14,15,16,17,18,19,20,21",0.428890,0.571334,0.001251,0.000041,0.000040,0.000065,0.000087,0.032159,0.000585,89.985872, ,0.229450,0.406680,11,White,Default, ,Regular,yes,no,0,n/a,n/a, ,"1,2,3,4,5,6,7,8,9,10,11,12,13,14,15,16,17,18,19,20,21",255,255,255
44," ","1,2,3,4,5,6,7,8,9,10,11,12,13,14,15,16,17,18,19,20,21",0.856853,0.571372,0.000678,0.000042,0.000041,0.000068,0.000090,0.018125,0.000330,89.111200, ,0.130121,0.317159,21,White,Default, ,Regular,yes,no,0,n/a,n/a, ,"1,2,3,4,5,6,7,8,9,10,11,12,13,14,15,16,17,18,19,20,21",255,255,255
45," ","1,2,3,4,5,6,7,8,9,10,11,12,13,14,15,16,17,18,19,20,21",0.000429,0.571361,0.003487,0.000042,0.000042,0.000071,0.000092,0.028740,0.000523,86.246276, ,0.196729,0.354608,6,White,Default, ,Regular,yes,no,0,n/a,n/a, ,"1,2,3,4,5,6,7,8,9,10,11,12,13,14,15,16,17,18,19,20,21",255,255,255
46," ","1,2,3,4,5,6,7,8,9,10,11,12,13,14,15,16,17,18,19,20,21",0.999818,0.571318,0.000984,0.000043,0.000042,0.000071,0.000093,0.020765,0.000378,87.949477, ,0.161803,0.417770,14,White,Default, ,Regular,yes,no,0,n/a,n/a, ,"1,2,3,4,5,6,7,8,9,10,11,12,13,14,15,16,17,18,19,20,21",255,255,255
47," ","1,2,3,4,5,6,7,8,9,10,11,12,13,14,15,16,17,18,19,20,21",0.714193,0.571328,0.002191,0.000042,0.000041,0.000066,0.000088,0.028719,0.000522,89.995196, ,0.174735,0.369498,12,White,Default, ,Regular,yes,no,0,n/a,n/a, ,"1,2,3,4,5,6,7,8,9,10,11,12,13,14,15,16,17,18,19,20,21",255,255,255
48," ","1,2,3,4,5,6,7,8,9,10,11,12,13,14,15,16,17,18,19,20,21",1.142644,0.571301,0.002108,0.000044,0.000043,0.000074,0.000096,0.023848,0.000434,86.574132, ,0.206081,0.353816,14,White,Default, ,Regular,yes,no,0,n/a,n/a, ,"1,2,3,4,5,6,7,8,9,10,11,12,13,14,15,16,17,18,19,20,21",255,255,255
49," ","1,2,3,4,5,6,7,8,9,10,11,12,13,14,15,16,17,18,19,20,21",0.571598,0.571295,0.003960,0.000041,0.000040,0.000065,0.000087,0.026502,0.000482,89.825005, ,0.166705,0.344869,12,White,Default, ,Regular,yes,no,0,n/a,n/a, ,"1,2,3,4,5,6,7,8,9,10,11,12,13,14,15,16,17,18,19,20,21",255,255,255
50," ","1,2,3,4,5,6,7,8,9,10,11,12,13,14,15,16,17,18,19,20,21",-0.142362,0.428526,0.000582,0.000043,0.000043,0.000074,0.000096,0.038845,0.000706,84.346041, ,0.227469,0.510378,7,White,Default, ,Regular,yes,no,0,n/a,n/a, ,"1,2,3,4,5,6,7,8,9,10,11,12,13,14,15,16,17,18,19,20,21",255,255,255
51," ","1,2,3,4,5,6,7,8,9,10,11,12,13,14,15,16,17,18,19,20,21",0.000437,0.428559,0.000747,0.000042,0.000042,0.000071,0.000093,0.020451,0.000372,85.991715, ,0.165656,0.378608,6,White,Default, ,Regular,yes,no,0,n/a,n/a, ,"1,2,3,4,5,6,7,8,9,10,11,12,13,14,15,16,17,18,19,20,21",255,255,255
52," ","1,2,3,4,5,6,7,8,9,10,11,12,13,14,15,16,17,18,19,20,21",1.142597,0.428414,0.000408,0.000044,0.000044,0.000074,0.000096,0.028759,0.000523,86.490317, ,0.200794,0.329346,10,White,Default, ,Regular,yes,no,0,n/a,n/a, ,"1,2,3,4,5,6,7,8,9,10,11,12,13,14,15,16,17,18,19,20,21",255,255,255
53," ","1,2,3,4,5,6,7,8,9,10,11,12,13,14,15,16,17,18,19,20,21",0.999793,0.428419,0.000212,0.000043,0.000043,0.000071,0.000093,0.021241,0.000386,87.920423, ,0.153347,0.378888,14,White,Default, ,Regular,yes,no,0,n/a,n/a, ,"1,2,3,4,5,6,7,8,9,10,11,12,13,14,15,16,17,18,19,20,21",255,255,255
54," ","1,2,3,4,5,6,7,8,9,10,11,12,13,14,15,16,17,18,19,20,21",0.143344,0.428514,0.001907,0.000042,0.000041,0.000068,0.000090,0.022448,0.000408,87.415465, ,0.172219,0.303911,11,White,Default, ,Regular,yes,no,0,n/a,n/a, ,"1,2,3,4,5,6,7,8,9,10,11,12,13,14,15,16,17,18,19,20,21",255,255,255
55," ","1,2,3,4,5,6,7,8,9,10,11,12,13,14,15,16,17,18,19,20,21",0.286011,0.428527,0.000325,0.000041,0.000041,0.000066,0.000088,0.013177,0.000240,88.722413, ,0.120452,0.180407,21,White,Default, ,Regular,yes,no,0,n/a,n/a, ,"1,2,3,4,5,6,7,8,9,10,11,12,13,14,15,16,17,18,19,20,21",255,255,255
56," ","1,2,3,4,5,6,7,8,9,10,11,12,13,14,15,16,17,18,19,20,21",0.428734,0.428567,0.000282,0.000041,0.000041,0.000065,0.000087,0.016524,0.000300,89.537272, ,0.135218,0.223351,10,White,Default, ,Regular,yes,no,0,n/a,n/a, ,"1,2,3,4,5,6,7,8,9,10,11,12,13,14,15,16,17,18,19,20,21",255,255,255
57," ","1,2,3,4,5,6,7,8,9,10,11,12,13,14,15,16,17,18,19,20,21",0.856941,0.428493,0.000048,0.000042,0.000042,0.000068,0.000090,0.023411,0.000426,88.923562, ,0.133263,0.289599,18,White,Default, ,Regular,yes,no,0,n/a,n/a, ,"1,2,3,4,5,6,7,8,9,10,11,12,13,14,15,16,17,18,19,20,21",255,255,255
58," ","1,2,3,4,5,6,7,8,9,10,11,12,13,14,15,16,17,18,19,20,21",0.714182,0.428472,0.001068,0.000042,0.000041,0.000066,0.000088,0.020241,0.000368,89.561987, ,0.155471,0.269911,10,White,Default, ,Regular,yes,no,0,n/a,n/a, ,"1,2,3,4,5,6,7,8,9,10,11,12,13,14,15,16,17,18,19,20,21",255,255,255
59," ","1,2,3,4,5,6,7,8,9,10,11,12,13,14,15,16,17,18,19,20,21",0.571574,0.428484,0.002770,0.000041,0.000041,0.000065,0.000087,0.026783,0.000487,89.903675, ,0.191166,0.388445,12,White,Default, ,Regular,yes,no,0,n/a,n/a, ,"1,2,3,4,5,6,7,8,9,10,11,12,13,14,15,16,17,18,19,20,21",255,255,255
60," ","1,2,3,4,5,6,7,8,9,10,11,12,13,14,15,16,17,18,19,20,21",1.142568,0.285664,-0.001011,0.000044,0.000044,0.000075,0.000097,0.028722,0.000522,85.974163, ,0.207512,0.417815,12,White,Default, ,Regular,yes,no,0,n/a,n/a, ,"1,2,3,4,5,6,7,8,9,10,11,12,13,14,15,16,17,18,19,20,21",255,255,255
61," ","1,2,3,4,5,6,7,8,9,10,11,12,13,14,15,16,17,18,19,20,21",-0.142418,0.285684,0.000795,0.000043,0.000044,0.000075,0.000097,0.047269,0.000860,83.731794, ,0.249345,0.498988,10,White,Default, ,Regular,yes,no,0,n/a,n/a, ,"1,2,3,4,5,6,7,8,9,10,11,12,13,14,15,16,17,18,19,20,21",255,255,255
62," ","1,2,3,4,5,6,7,8,9,10,11,12,13,14,15,16,17,18,19,20,21",0.000444,0.285710,0.000477,0.000042,0.000043,0.000072,0.000094,0.026580,0.000483,85.383550, ,0.195723,0.425460,11,White,Default, ,Regular,yes,no,0,n/a,n/a, ,"1,2,3,4,5,6,7,8,9,10,11,12,13,14,15,16,17,18,19,20,21",255,255,255
63," ","1,2,3,4,5,6,7,8,9,10,11,12,13,14,15,16,17,18,19,20,21",0.999786,0.285632,-0.000522,0.000043,0.000043,0.000071,0.000094,0.018120,0.000329,87.450486, ,0.153337,0.318356,14,White,Default, ,Regular,yes,no,0,n/a,n/a, ,"1,2,3,4,5,6,7,8,9,10,11,12,13,14,15,16,17,18,19,20,21",255,255,255
64," ","1,2,3,4,5,6,7,8,9,10,11,12,13,14,15,16,17,18,19,20,21",0.143194,0.285810,0.000516,0.000042,0.000042,0.000069,0.000091,0.019103,0.000347,86.844909, ,0.145492,0.296588,13,White,Default, ,Regular,yes,no,0,n/a,n/a, ,"1,2,3,4,5,6,7,8,9,10,11,12,13,14,15,16,17,18,19,20,21",255,255,255
65," ","1,2,3,4,5,6,7,8,9,10,11,12,13,14,15,16,17,18,19,20,21",0.285971,0.285782,-0.000165,0.000042,0.000041,0.000067,0.000089,0.014422,0.000262,88.026564, ,0.105083,0.201161,10,White,Default, ,Regular,yes,no,0,n/a,n/a, ,"1,2,3,4,5,6,7,8,9,10,11,12,13,14,15,16,17,18,19,20,21",255,255,255
66," ","1,2,3,4,5,6,7,8,9,10,11,12,13,14,15,16,17,18,19,20,21",0.856928,0.285710,-0.000396,0.000043,0.000042,0.000069,0.000091,0.020134,0.000366,88.472734, ,0.132065,0.320695,18,White,Default, ,Regular,yes,no,0,n/a,n/a, ,"1,2,3,4,5,6,7,8,9,10,11,12,13,14,15,16,17,18,19,20,21",255,255,255
67," ","1,2,3,4,5,6,7,8,9,10,11,12,13,14,15,16,17,18,19,20,21",0.428722,0.285831,0.000070,0.000042,0.000041,0.000066,0.000089,0.017519,0.000319,88.816342, ,0.121845,0.308040,10,White,Default, ,Regular,yes,no,0,n/a,n/a, ,"1,2,3,4,5,6,7,8,9,10,11,12,13,14,15,16,17,18,19,20,21",255,255,255
68," ","1,2,3,4,5,6,7,8,9,10,11,12,13,14,15,16,17,18,19,20,21",0.714080,0.285765,-0.000125,0.000042,0.000042,0.000067,0.000090,0.020600,0.000375,89.044935, ,0.133889,0.311358,18,White,Default, ,Regular,yes,no,0,n/a,n/a, ,"1,2,3,4,5,6,7,8,9,10,11,12,13,14,15,16,17,18,19,20,21",255,255,255
69," ","1,2,3,4,5,6,7,8,9,10,11,12,13,14,15,16,17,18,19,20,21",0.571537,0.285730,0.001542,0.000042,0.000041,0.000066,0.000089,0.021946,0.000399,89.215941, ,0.192373,0.388069,10,White,Default, ,Regular,yes,no,0,n/a,n/a, ,"1,2,3,4,5,6,7,8,9,10,11,12,13,14,15,16,17,18,19,20,21",255,255,255
70," ","1,2,3,4,5,6,7,8,9,10,11,12,13,14,15,16,17,18,19,20,21",1.142610,0.142725,-0.000907,0.000045,0.000045,0.000076,0.000099,0.032652,0.000594,85.080286, ,0.232680,0.422099,12,White,Default, ,Regular,yes,no,0,n/a,n/a, ,"1,2,3,4,5,6,7,8,9,10,11,12,13,14,15,16,17,18,19,20,21",255,255,255
71," ","1,2,3,4,5,6,7,8,9,11,12,13,14,15,16,17,18,19,20,21",-0.142477,0.142811,0.000330,0.000044,0.000046,0.000078,0.000101,0.033574,0.000610,82.684332, ,0.237912,0.431064,6,White,Default, ,Regular,yes,no,0,n/a,n/a, ,"1,2,3,4,5,6,7,8,9,11,12,13,14,15,16,17,18,19,20,21",255,255,255
72," ","1,2,3,4,5,6,7,8,9,10,11,12,13,14,15,16,17,18,19,20,21",0.999821,0.142707,-0.000029,0.000044,0.000044,0.000073,0.000096,0.022828,0.000415,86.573212, ,0.184481,0.345113,12,White,Default, ,Regular,yes,no,0,n/a,n/a, ,"1,2,3,4,5,6,7,8,9,10,11,12,13,14,15,16,17,18,19,20,21",255,255,255
73," ","1,2,3,4,5,6,7,8,9,10,11,12,13,14,15,16,17,18,19,20,21",0.000264,0.142819,0.000295,0.000043,0.000043,0.000073,0.000095,0.030585,0.000556,84.528468, ,0.198438,0.417055,12,White,Default, ,Regular,yes,no,0,n/a,n/a, ,"1,2,3,4,5,6,7,8,9,10,11,12,13,14,15,16,17,18,19,20,21",255,255,255
74," ","1,2,3,4,5,6,7,8,9,10,11,12,13,14,15,16,17,18,19,20,21",0.857011,0.142800,-0.000571,0.000043,0.000043,0.000071,0.000093,0.022808,0.000415,87.574248, ,0.143668,0.268113,6,White,Default, ,Regular,yes,no,0,n/a,n/a, ,"1,2,3,4,5,6,7,8,9,10,11,12,13,14,15,16,17,18,19,20,21",255,255,255
75," ","1,2,3,4,5,6,7,8,9,10,11,12,13,14,15,16,17,18,19,20,21",0.143257,0.142837,0.000723,0.000042,0.000043,0.000071,0.000093,0.046466,0.000845,86.077645, ,0.253483,0.705584,12,White,Default, ,Regular,yes,no,0,n/a,n/a, ,"1,2,3,4,5,6,7,8,9,10,11,12,13,14,15,16,17,18,19,20,21",255,255,255
76," ","1,2,3,4,5,6,7,8,9,10,11,12,13,14,15,16,17,18,19,20,21",0.714106,0.142870,-0.000357,0.000043,0.000042,0.000069,0.000092,0.016841,0.000306,88.155226, ,0.127906,0.278950,18,White,Default, ,Regular,yes,no,0,n/a,n/a, ,"1,2,3,4,5,6,7,8,9,10,11,12,13,14,15,16,17,18,19,20,21",255,255,255
77," ","1,2,3,4,5,6,7,8,9,10,11,12,13,14,15,16,17,18,19,20,21",0.286024,0.142826,0.000335,0.000042,0.000042,0.000069,0.000091,0.033872,0.000616,87.217069, ,0.198817,0.503941,12,White,Default, ,Regular,yes,no,0,n/a,n/a, ,"1,2,3,4,5,6,7,8,9,10,11,12,13,14,15,16,17,18,19,20,21",255,255,255
78," ","1,2,3,4,5,6,7,8,9,10,11,12,13,14,15,16,17,18,19,20,21",0.428824,0.142893,-0.000129,0.000042,0.000042,0.000068,0.000091,0.030235,0.000550,87.957061, ,0.201786,0.449448,12,White,Default, ,Regular,yes,no,0,n/a,n/a, ,"1,2,3,4,5,6,7,8,9,10,11,12,13,14,15,16,17,18,19,20,21",255,255,255
79," ","1,2,3,4,5,6,7,8,9,10,11,12,13,14,15,16,17,18,19,20,21",0.571381,0.142918,0.000314,0.000042,0.000042,0.000068,0.000091,0.018272,0.000332,88.297054, ,0.124095,0.329654,10,White,Default, ,Regular,yes,no,0,n/a,n/a, ,"1,2,3,4,5,6,7,8,9,10,11,12,13,14,15,16,17,18,19,20,21",255,255,255
80," ","1,2,3,4,5,6,7,8,9,11,12,13,14,15,17,18,19,20,21",1.142551,-0.000120,-0.001993,0.000048,0.000048,0.000081,0.000106,0.034206,0.000622,83.712686, ,0.246089,0.451750,6,White,Default, ,Regular,yes,no,0,n/a,n/a, ,"1,2,3,4,5,6,7,8,9,11,12,13,14,15,17,18,19,20,21",255,255,255
81," ","1,2,3,5,6,7,8,9,11,12,13,14,15,16,17,18,19,20,21",-0.142472,-0.000178,0.001890,0.000046,0.000047,0.000082,0.000105,0.068736,0.001250,81.721292, ,0.350473,0.796388,6,White,Default, ,Regular,yes,no,0,n/a,n/a, ,"1,2,3,5,6,7,8,9,11,12,13,14,15,16,17,18,19,20,21",255,255,255
82," ","1,2,3,4,5,6,7,8,9,10,11,12,13,14,15,16,17,18,19,20,21",0.856982,-0.000087,-0.001656,0.000044,0.000044,0.000073,0.000096,0.022818,0.000415,86.228523, ,0.183240,0.311896,12,White,Default, ,Regular,yes,no,0,n/a,n/a, ,"1,2,3,4,5,6,7,8,9,10,11,12,13,14,15,16,17,18,19,20,21",255,255,255
83," ","1,2,3,4,5,6,7,8,9,10,11,12,13,14,15,16,17,18,19,20,21",0.143042,-0.000039,-0.000070,0.000043,0.000044,0.000073,0.000096,0.028085,0.000511,84.898478, ,0.202281,0.384256,9,White,Default, ,Regular,yes,no,0,n/a,n/a, ,"1,2,3,4,5,6,7,8,9,10,11,12,13,14,15,16,17,18,19,20,21",255,255,255
84," ","1,2,3,4,5,6,7,8,9,10,11,12,13,14,15,16,17,18,19,20,21",0.285794,-0.000009,-0.000680,0.000043,0.000043,0.000072,0.000094,0.034790,0.000633,85.975993, ,0.191772,0.508679,11,White,Default, ,Regular,yes,no,0,n/a,n/a, ,"1,2,3,4,5,6,7,8,9,10,11,12,13,14,15,16,17,18,19,20,21",255,255,255
85," ","1,2,3,4,5,6,7,8,9,10,11,12,13,14,15,16,17,18,19,20,21",0.428711,0.000014,-0.000921,0.000043,0.000043,0.000071,0.000093,0.023269,0.000423,86.675310, ,0.150496,0.322833,11,White,Default, ,Regular,yes,no,0,n/a,n/a, ,"1,2,3,4,5,6,7,8,9,10,11,12,13,14,15,16,17,18,19,20,21",255,255,255
86," ","1,2,3,4,5,6,7,8,9,10,11,12,13,14,15,16,17,18,19,20,21",0.714245,-0.000115,-0.000037,0.000044,0.000043,0.000072,0.000094,0.022579,0.000411,86.862396, ,0.158350,0.275676,18,White,Default, ,Regular,yes,no,0,n/a,n/a, ,"1,2,3,4,5,6,7,8,9,10,11,12,13,14,15,16,17,18,19,20,21",255,255,255
87," ","1,2,3,4,5,6,7,8,9,10,11,12,13,14,15,16,17,18,19,20,21",0.571519,-0.000085,0.000539,0.000043,0.000043,0.000071,0.000093,0.030064,0.000547,87.020227, ,0.198820,0.403802,12,White,Default, ,Regular,yes,no,0,n/a,n/a, ,"1,2,3,4,5,6,7,8,9,10,11,12,13,14,15,16,17,18,19,20,21",255,255,255
88," ","1,2,3,4,5,6,7,9,11,12,13,15,17,18,19,20,21",1.142600,-0.142959,-0.002707,0.000051,0.000052,0.000088,0.000114,0.050464,0.000918,81.958539, ,0.380532,0.746200,18,White,Default, ,Regular,yes,no,0,n/a,n/a, ,"1,2,3,4,5,6,7,9,11,12,13,15,17,18,19,20,21",255,255,255
89," ","1,2,3,4,5,6,7,8,9,10,11,12,13,14,15,16,17,18,19,20,21",0.999819,-0.143003,-0.002523,0.000046,0.000046,0.000079,0.000102,0.037338,0.000679,83.458626, ,0.296163,0.497036,18,White,Default, ,Regular,yes,no,0,n/a,n/a, ,"1,2,3,4,5,6,7,8,9,10,11,12,13,14,15,16,17,18,19,20,21",255,255,255
90," ","1,2,3,5,8,9,11,13,14,15,16,17,18,19,20,21",-0.142601,-0.143008,0.001533,0.000053,0.000055,0.000093,0.000120,0.059469,0.001081,79.569030, ,0.398068,0.812245,20,White,Default, ,Regular,yes,no,0,n/a,n/a, ,"1,2,3,5,8,9,11,13,14,15,16,17,18,19,20,21",255,255,255
91," ","1,2,3,4,5,6,7,8,9,10,11,12,13,14,15,16,17,18,19,20,21",0.857070,-0.142954,-0.002169,0.000045,0.000045,0.000077,0.000100,0.032677,0.000594,84.505450, ,0.240856,0.458391,18,White,Default, ,Regular,yes,no,0,n/a,n/a, ,"1,2,3,4,5,6,7,8,9,10,11,12,13,14,15,16,17,18,19,20,21",255,255,255
92," ","1,2,3,4,5,7,8,9,10,11,13,14,15,16,17,18,19,20,21",0.000203,-0.142992,0.000388,0.000046,0.000048,0.000082,0.000106,0.042806,0.000778,81.123939, ,0.272394,0.531135,4,White,Default, ,Regular,yes,no,0,n/a,n/a, ,"1,2,3,4,5,7,8,9,10,11,13,14,15,16,17,18,19,20,21",255,255,255
93," ","1,2,3,4,5,6,7,8,9,10,11,12,13,14,15,16,17,18,19,20,21",0.714240,-0.142950,-0.001910,0.000045,0.000045,0.000075,0.000098,0.030021,0.000546,85.116712, ,0.225984,0.448328,18,White,Default, ,Regular,yes,no,0,n/a,n/a, ,"1,2,3,4,5,6,7,8,9,10,11,12,13,14,15,16,17,18,19,20,21",255,255,255
94," ","1,2,3,4,5,7,8,9,10,11,12,13,14,15,16,17,18,19,20,21",0.143015,-0.142895,-0.000497,0.000046,0.000046,0.000078,0.000102,0.031640,0.000575,83.411407, ,0.253669,0.449349,7,White,Default, ,Regular,yes,no,0,n/a,n/a, ,"1,2,3,4,5,7,8,9,10,11,12,13,14,15,16,17,18,19,20,21",255,255,255
95," ","1,2,3,4,5,7,8,9,10,11,12,13,14,15,16,17,18,19,20,21",0.285763,-0.142867,-0.001569,0.000045,0.000046,0.000077,0.000100,0.032728,0.000595,84.399494, ,0.233596,0.419785,11,White,Default, ,Regular,yes,no,0,n/a,n/a, ,"1,2,3,4,5,7,8,9,10,11,12,13,14,15,16,17,18,19,20,21",255,255,255
96," ","1,2,3,4,5,6,7,8,9,10,11,12,13,14,15,16,17,18,19,20,21",0.571395,-0.142843,-0.001787,0.000044,0.000044,0.000074,0.000097,0.029419,0.000535,85.282740, ,0.212964,0.412430,18,White,Default, ,Regular,yes,no,0,n/a,n/a, ,"1,2,3,4,5,6,7,8,9,10,11,12,13,14,15,16,17,18,19,20,21",255,255,255
97," ","1,2,3,4,5,6,7,8,9,10,11,12,13,14,15,16,17,18,19,20,21",0.428698,-0.142846,-0.001638,0.000044,0.000044,0.000074,0.000097,0.024169,0.000439,85.044357, ,0.205582,0.343044,18,White,Default, ,Regular,yes,no,0,n/a,n/a, ,"1,2,3,4,5,6,7,8,9,10,11,12,13,14,15,16,17,18,19,20,21",255,255,255
1001," ","1,2,3,4,5,6,7,8,9,10,11,12,13,14,15,16,17,18,19,20,21",0.000000,1.000000,0.000000,fixed,fixed,fixed,fixed,0.028392,0.000516,84.284643,1,0.512885,0.715835,16,White,Default, ,Control,yes,no,0,1,1, ,"1,2,3,4,5,6,7,8,9,10,11,12,13,14,15,16,17,18,19,20,21",255,255,255
1002," ","1,2,3,4,5,6,7,8,9,10,11,12,13,14,15,16,17,18,19,20,21",1.000000,1.000000,0.000000,fixed,fixed,fixed,fixed,0.025101,0.000456,85.843697,2,0.514179,0.818913,11,White,Default, ,Control,yes,no,0,2,2, ,"1,2,3,4,5,6,7,8,9,10,11,12,13,14,15,16,17,18,19,20,21",255,255,255
1003," ","1,2,3,4,5,6,7,8,9,10,11,12,13,14,15,16,17,18,19,20,21",0.000000,0.000000,0.000000,fixed,fixed,fixed,fixed,0.031056,0.000565,83.446718,3,0.538498,0.934634,5,White,Default, ,Control,yes,no,0,3,3, ,"1,2,3,4,5,6,7,8,9,10,11,12,13,14,15,16,17,18,19,20,21",255,255,255
1004," ","1,2,3,4,5,6,7,8,9,10,11,12,13,14,15,16,17,18,19,20,21",1.000000,0.000000,0.000000,fixed,fixed,fixed,fixed,0.032925,0.000599,85.250346,4,0.550040,0.885708,6,White,Default, ,Control,yes,no,0,4,4, ,"1,2,3,4,5,6,7,8,9,10,11,12,13,14,15,16,17,18,19,20,21",255,255,255
