Bundle Soln 
 0.000500 20 8858 12996
 1.00000  0.10000 10.00000 100.00000 100.00000 100.00000 20.00000 20.00000 20.00000
123.9392 26.5770 38.8110 53.14800 77.97600 0.00000 0.00000 0.00000 0.00000 0.00000
 0.00000  0.05315  0.07798 0.500000 0.500000 0.001000 0.000100 0.000100 0.001000 0.001000
   0 e:\pm\weighted\sxb\images\8811.jpg
   0 -118.730  109.177 1776.764  -89.917   -0.422    0.790
   0   0.7245   1.0418   0.1328   0.0038   0.0227   0.0332

   0 123.939  26.577  38.811 53.14800 77.97600 0.00000 0.00000 0.00000 0.00000 0.00000
   0  0.00000  0.05315  0.07798 0.500000 0.500000 0.001000 0.000100 0.000100 0.001000 0.001000
   1 e:\pm\weighted\sxb\images\8936.jpg
   1  281.756  364.438 1776.519   92.625   -0.021   -0.110
   1   0.6065   1.1522   0.1610   0.0035   0.0187   0.0369

   1 123.939  26.577  38.811 53.14800 77.97600 0.00000 0.00000 0.00000 0.00000 0.00000
   1  0.00000  0.05315  0.07798 0.500000 0.500000 0.001000 0.000100 0.000100 0.001000 0.001000
   2 e:\pm\weighted\sxb\images\8937.jpg
   2  296.692  157.047 1770.575   94.402   -0.030   -0.165
   2   0.5650   0.8982   0.0848   0.0027   0.0176   0.0287

   2 123.939  26.577  38.811 53.14800 77.97600 0.00000 0.00000 0.00000 0.00000 0.00000
   2  0.00000  0.05315  0.07798 0.500000 0.500000 0.001000 0.000100 0.000100 0.001000 0.001000
   3 e:\pm\weighted\sxb\images\8938.jpg
   3  314.105  -60.856 1767.075   96.145    0.120   -0.102
   3   0.6987   2.5410   0.1870   0.0034   0.0218   0.0819

   3 123.939  26.577  38.811 53.14800 77.97600 0.00000 0.00000 0.00000 0.00000 0.00000
   3  0.00000  0.05315  0.07798 0.500000 0.500000 0.001000 0.000100 0.000100 0.001000 0.001000
   4 e:\pm\weighted\sxb\images\9111.jpg
   4  704.783  110.415 1797.046  -92.545   -0.167    0.510
   4   1.4556   0.9854   0.3237   0.0042   0.0461   0.0308

   4 123.939  26.577  38.811 53.14800 77.97600 0.00000 0.00000 0.00000 0.00000 0.00000
   4  0.00000  0.05315  0.07798 0.500000 0.500000 0.001000 0.000100 0.000100 0.001000 0.001000

     317 -174.92631   83.85200   -0.37910  -0.782952  -0.782952  -0.782952
     333  354.99369  330.56900   -1.82210  -0.782952  -0.782952  -0.782952
     347  680.82369  505.22900   -0.38210  -0.782952  -0.782952  -0.782952
     351  771.76369   14.68900    0.02790  -0.782952  -0.782952  -0.782952
     375 -160.46531  110.22700   -0.86210  -0.782952  -0.782952  -0.782952
     403 -608.83231  431.95700   -0.19210  -0.782952  -0.782952  -0.782952
     410  194.92569  216.30200   -0.11210  -0.782952  -0.782952  -0.782952
     422  347.24169  -81.49800   -1.29210  -0.782952  -0.782952  -0.782952
     428  192.44169 -216.05100   -0.28210  -0.782952  -0.782952  -0.782952
     492 -172.57631   81.75900   -0.73210  -0.782952  -0.782952  -0.782952
     552  795.56569   -2.39600   -0.18910  -0.782952  -0.782952  -0.782952
     563  387.28369  413.70700   -1.07110  -0.782952  -0.782952  -0.782952
     590  201.49069 -209.52900   -0.43710  -0.782952  -0.782952  -0.782952
     607  722.96069  365.29600   -0.18810  -0.782952  -0.782952  -0.782952
     634  662.39969  416.49600   -0.07510  -0.782952  -0.782952  -0.782952
     651  579.95569  169.15800   -0.67610  -0.782952  -0.782952  -0.782952

     317 -174.92631   83.85200   -0.37910  -0.782952  -0.782952  -0.782952
     333  354.99369  330.56900   -1.82210  -0.782952  -0.782952  -0.782952
     347  680.82369  505.22900   -0.38210  -0.782952  -0.782952  -0.782952
     351  771.76369   14.68900    0.02790  -0.782952  -0.782952  -0.782952
     375 -160.46531  110.22700   -0.86210  -0.782952  -0.782952  -0.782952
     403 -608.83231  431.95700   -0.19210  -0.782952  -0.782952  -0.782952
     410  194.92569  216.30200   -0.11210  -0.782952  -0.782952  -0.782952
     422  347.24169  -81.49800   -1.29210  -0.782952  -0.782952  -0.782952
     428  192.44169 -216.05100   -0.28210  -0.782952  -0.782952  -0.782952
     492 -172.57631   81.75900   -0.73210  -0.782952  -0.782952  -0.782952
     552  795.56569   -2.39600   -0.18910  -0.782952  -0.782952  -0.782952
     563  387.28369  413.70700   -1.07110  -0.782952  -0.782952  -0.782952
     590  201.49069 -209.52900   -0.43710  -0.782952  -0.782952  -0.782952
     607  722.96069  365.29600   -0.18810  -0.782952  -0.782952  -0.782952
     634  662.39969  416.49600   -0.07510  -0.782952  -0.782952  -0.782952
     651  579.95569  169.15800   -0.67610  -0.782952  -0.782952  -0.782952
     745  227.85118  384.03893   20.38714   0.041299   0.045545   0.239684

   0      333 2158.2500 1135.5000  1.00000  1.00000
   0      410 3478.1358 2979.2802  1.00000  1.00000
   0      422 6936.8000 1211.3865  1.00000  1.00000
   0      428 8503.6000 3004.5772  1.00000  1.00000
   0      375 4700.3506 7105.9468  1.00000  1.00000
   0      317 5007.6667 7275.6667  1.00000  1.00000
   0      403  955.1383 12311.1660  1.00000  1.00000
   0      745 1498.0000 2554.5993  1.00000  1.00000
   1      492 1431.0000 1037.0000  1.00000  1.00000
   1      317 1453.6667 1012.3333  1.00000  1.00000
   1      333 4039.0000 7293.3333  1.00000  1.00000
   1      563 4984.0000 7714.3333  1.00000  1.00000
   1      651 2043.7778 9819.7069  1.00000  1.00000
   1      351  148.6667 11965.6667  1.00000  1.00000
   1      607 4245.3951 11587.6550  1.00000  1.00000
   1      634 4870.8049 10911.3411  1.00000  1.00000
   1      347 5892.0519 11172.1777  1.00000  1.00000
   1      745 4729.3989 5840.1319  1.00000  1.00000
   2      317 4060.0000  912.3333  1.00000  1.00000
   2      492 4034.3333  937.3333  1.00000  1.00000
   2      375 4354.7975 1106.0428  1.00000  1.00000
   2      422 1672.0000 6836.0000  1.00000  1.00000
   2      333 6455.6593 7294.8080  1.00000  1.00000
   2      563 7392.6000 7745.8755  1.00000  1.00000
   2      651 4377.0395 9766.5071  1.00000  1.00000
   2      351 2409.1556 11859.1323  1.00000  1.00000
   2      552 2189.3802 12119.3787  1.00000  1.00000
   2      607 6530.8988 11607.8742  1.00000  1.00000
   2      634 7180.1704 10949.7925  1.00000  1.00000
   2      347 8197.3333 11243.6667  1.00000  1.00000
   2      745 7224.4840 5858.2750  1.00000  1.00000
   3      317 6751.9119 1015.9611  1.00000  1.00000
   3      492 6726.4347 1040.1297  1.00000  1.00000
   3      375 7042.5000 1218.8872  1.00000  1.00000
   3      428 2811.5000 4908.7134  1.00000  1.00000
   3      590 2876.5000 5020.1089  1.00000  1.00000
   3      410 7829.6064 5477.0000  1.00000  1.00000
   3      422 4180.5122 6874.6667  1.00000  1.00000
   3      651 6803.0851 9893.6667  1.00000  1.00000
   3      351 4767.0000 11933.7743  1.00000  1.00000
   3      552 4537.7295 12186.4202  1.00000  1.00000
   4      607 1684.0000 6440.8132  1.00000  1.00000
   4      563 1300.7447 10316.1064  1.00000  1.00000
   4      410 3661.4468 12430.6667  1.00000  1.00000
   4      651 4005.5167 7983.6667  1.00000  1.00000
   4      422 7002.7356 10531.3333  1.00000  1.00000
   4      428 8635.4377 12250.7393  1.00000  1.00000
   4      590 8556.0000 12150.2853  1.00000  1.00000
   4      351 5681.0000 5699.7756  1.00000  1.00000
   4      552 5865.9301 5420.7601  1.00000  1.00000
   4      745 1686.2747 12198.8175  1.00000  1.00000

   1    1      317 
   2    1      333 
   3    1      347 
   4    1      351 
   5    1      375 
   6    1      403 
   7    1      410 
   8    1      422 
   9    1      428 
  10    1      492 
  11    1      552 
  12    1      563 
  13    1      590 
  14    1      607 
  15    1      634 
  16    1      651 
  17    1      745 

   0    1
   0    2
   0    5
   0    6
   0    7
   0    8
   0    9
   0   17
   1    1
   1    2
   1    3
   1    4
   1   10
   1   12
   1   14
   1   15
   1   16
   1   17
   2    1
   2    2
   2    3
   2    4
   2    5
   2    8
   2   10
   2   11
   2   12
   2   14
   2   15
   2   16
   2   17
   3    1
   3    4
   3    5
   3    7
   3    8
   3    9
   3   10
   3   11
   3   13
   3   16
   4    4
   4    7
   4    8
   4    9
   4   11
   4   12
   4   13
   4   14
   4   16
   4   17

