-39.433855 
-1.177896 
-179.839443 
-0.045117 
1.294191 
1.469732 
-39.769009 
-1.853754 
-90.121782 
-0.029615 
1.527813 
1.639209 
-27.247934 
-28.567490 
-141.850651 
-1.144792 
0.966704 
1.582025 
-28.561458 
-30.341415 
-49.785811 
-1.144079 
0.991435 
1.637452 
4.376852 
-34.675242 
-87.139739 
-1.171077 
-0.082631 
1.410905 
2.101638 
-34.022134 
1.512717 
-1.213944 
-0.023547 
1.465268 
27.349035 
-28.308341 
-44.207626 
-1.034981 
-0.849741 
1.404247 
26.932704 
-28.126840 
44.870922 
-1.219336 
-0.966825 
1.715625 
30.395067 
0.189795 
0.084110 
0.024982 
-1.043563 
1.534741 
31.013289 
1.735679 
89.539910 
0.054117 
-1.093650 
1.617560 
27.642820 
30.754223 
42.331105 
1.270481 
-0.925469 
1.553076 
24.647489 
30.245021 
133.206053 
1.365244 
-0.981253 
1.614675 
0.528512 
33.155943 
88.703235 
1.130947 
-0.002387 
1.472090 
-1.745187 
33.641127 
-179.794171 
1.297235 
0.025296 
1.598764 
-30.768781 
28.179936 
138.431381 
1.172000 
1.054826 
1.501889 
-29.892998 
26.973247 
-134.628773 
1.194405 
1.119721 
1.590603 
-8.527170 
-0.515900 
179.396016 
-0.075574 
0.322977 
1.972829 
-4.785058 
0.674280 
88.786197 
-0.017961 
0.427081 
1.885929 
-4.407101 
-0.409796 
88.244318 
-0.038274 
0.078788 
1.876020 
-7.616843 
-1.552328 
179.949265 
0.201795 
0.282602 
1.926753 
-8.712147 
1.054228 
177.385258 
-0.231215 
0.321585 
1.906251 
