0.005 
0.005 
0.003 
1.7e-004 
1.2e-004 
1.4e-004 
0.005 
0.005 
0.003 
2.0e-004 
1.4e-004 
1.8e-004 
0.006 
0.005 
0.003 
1.6e-004 
1.6e-004 
1.8e-004 
0.006 
0.005 
0.004 
1.7e-004 
1.8e-004 
2.0e-004 
0.006 
0.005 
0.003 
1.2e-004 
1.6e-004 
1.2e-004 
0.006 
0.005 
0.003 
1.3e-004 
1.7e-004 
1.5e-004 
0.005 
0.005 
0.003 
1.3e-004 
1.4e-004 
1.5e-004 
0.006 
0.005 
0.004 
1.8e-004 
1.9e-004 
2.1e-004 
0.005 
0.005 
0.003 
1.7e-004 
1.4e-004 
1.2e-004 
0.006 
0.005 
0.003 
1.9e-004 
1.6e-004 
1.5e-004 
0.006 
0.005 
0.004 
1.5e-004 
1.7e-004 
1.8e-004 
0.006 
0.005 
0.004 
1.6e-004 
1.8e-004 
2.0e-004 
0.006 
0.005 
0.003 
1.3e-004 
1.7e-004 
1.2e-004 
0.006 
0.005 
0.003 
1.4e-004 
1.9e-004 
1.6e-004 
0.006 
0.005 
0.003 
1.5e-004 
1.5e-004 
1.8e-004 
0.006 
0.005 
0.003 
1.7e-004 
1.7e-004 
2.0e-004 
0.008 
0.008 
0.002 
3.0e-004 
2.9e-004 
9.5e-005 
0.007 
0.007 
0.002 
2.6e-004 
2.5e-004 
1.0e-004 
0.008 
0.008 
0.002 
2.7e-004 
2.7e-004 
6.7e-005 
0.008 
0.008 
0.002 
2.7e-004 
2.7e-004 
9.4e-005 
0.007 
0.008 
0.002 
2.6e-004 
2.6e-004 
9.8e-005 
