Bundle Soln 
 0.000500 20
 1.00000  0.10000 10.00000 100.00000 100.00000 100.00000 20.00000 20.00000 20.00000
123.9390 26.5770 38.8110 53.14800 77.97600 0.00000 0.00000 0.00000 0.00000 0.00000
 0.00000  0.05315  0.07798 0.500000 0.500000 0.001000 0.000100 0.000100 0.001000 0.001000
   0 e:\pm\weighted\sxb\images\8811.jpg
   0 -118.557  108.799 1776.682  -89.916   -0.417    0.802
   0   0.8076   1.1207   0.1444   0.0041   0.0253   0.0357

   0 123.939  26.577  38.811 53.14800 77.97600 0.00000 0.00000 0.00000 0.00000 0.00000
   0  0.00000  0.05315  0.07798 0.500000 0.500000 0.001000 0.000100 0.000100 0.001000 0.001000
   1 e:\pm\weighted\sxb\images\8936.jpg
   1  282.621  366.084 1776.365   92.623    0.004   -0.162
   1   0.6749   1.3090   0.1799   0.0040   0.0208   0.0419

   1 123.939  26.577  38.811 53.14800 77.97600 0.00000 0.00000 0.00000 0.00000 0.00000
   1  0.00000  0.05315  0.07798 0.500000 0.500000 0.001000 0.000100 0.000100 0.001000 0.001000
   2 e:\pm\weighted\sxb\images\8937.jpg
   2  297.197  157.262 1770.598   94.402   -0.015   -0.172
   2   0.6046   0.9617   0.0934   0.0030   0.0188   0.0308

   2 123.939  26.577  38.811 53.14800 77.97600 0.00000 0.00000 0.00000 0.00000 0.00000
   2  0.00000  0.05315  0.07798 0.500000 0.500000 0.001000 0.000100 0.000100 0.001000 0.001000
   3 e:\pm\weighted\sxb\images\8938.jpg
   3  314.152  -60.559 1767.085   96.145    0.121   -0.111
   3   0.6926   2.4418   0.1852   0.0036   0.0217   0.0788

   3 123.939  26.577  38.811 53.14800 77.97600 0.00000 0.00000 0.00000 0.00000 0.00000
   3  0.00000  0.05315  0.07798 0.500000 0.500000 0.001000 0.000100 0.000100 0.001000 0.001000
   4 e:\pm\weighted\sxb\images\9111.jpg
   4  702.759  111.048 1797.420  -92.542   -0.230    0.491
   4   1.5737   1.1034   0.3380   0.0048   0.0498   0.0346

   4 123.939  26.577  38.811 53.14800 77.97600 0.00000 0.00000 0.00000 0.00000 0.00000
   4  0.00000  0.05315  0.07798 0.500000 0.500000 0.001000 0.000100 0.000100 0.001000 0.001000

     317 -174.91747   83.81644   -0.39475   0.015607   0.015488   0.032698
     333  354.97818  330.60513   -1.82796   0.015836   0.015635   0.033068
     347  680.82079  505.22929   -0.38177   0.016080   0.016024   0.032930
     351  771.80333   14.70362    0.03798   0.015685   0.015566   0.032835
     375 -160.44773  110.25089   -0.87406   0.015758   0.015671   0.032835
     403 -608.83458  431.95517   -0.19093   0.016533   0.016482   0.033160
     410  194.94324  216.23671   -0.13802   0.015792   0.015634   0.032884
     422  347.25328  -81.49357   -1.28227   0.015466   0.015315   0.032823
     428  192.44501 -216.01887   -0.30594   0.015829   0.015800   0.032857
     492 -172.62068   81.77122   -0.69204   0.015852   0.015761   0.032699
     552  795.54791   -2.40910   -0.20093   0.015870   0.015783   0.032882
     563  387.29015  413.68091   -1.06408   0.015736   0.015632   0.032989
     590  201.46321 -209.51523   -0.42183   0.016033   0.015982   0.032936
     607  722.97365  365.31029   -0.18081   0.015709   0.015742   0.032816
     634  662.39968  416.47879   -0.08165   0.015953   0.015904   0.032894
     651  579.94800  169.16530   -0.66562   0.015381   0.015300   0.032877

     317 -174.91747   83.81644   -0.39475   0.015607   0.015488   0.032698
     333  354.97818  330.60513   -1.82796   0.015836   0.015635   0.033068
     347  680.82079  505.22929   -0.38177   0.016080   0.016024   0.032930
     351  771.80333   14.70362    0.03798   0.015685   0.015566   0.032835
     375 -160.44773  110.25089   -0.87406   0.015758   0.015671   0.032835
     403 -608.83458  431.95517   -0.19093   0.016533   0.016482   0.033160
     410  194.94324  216.23671   -0.13802   0.015792   0.015634   0.032884
     422  347.25328  -81.49357   -1.28227   0.015466   0.015315   0.032823
     428  192.44501 -216.01887   -0.30594   0.015829   0.015800   0.032857
     492 -172.62068   81.77122   -0.69204   0.015852   0.015761   0.032699
     509  353.23531   75.72051   21.68407   0.038139   0.037328   0.218490
     552  795.54791   -2.40910   -0.20093   0.015870   0.015783   0.032882
     563  387.29015  413.68091   -1.06408   0.015736   0.015632   0.032989
     590  201.46321 -209.51523   -0.42183   0.016033   0.015982   0.032936
     607  722.97365  365.31029   -0.18081   0.015709   0.015742   0.032816
     634  662.39968  416.47879   -0.08165   0.015953   0.015904   0.032894
     651  579.94800  169.16530   -0.66562   0.015381   0.015300   0.032877

   0      333 2158.2500 1135.5000  1.00000  1.00000
   0      410 3478.1358 2979.2802  1.00000  1.00000
   0      509 5114.0000 1074.5603  1.00000  1.00000
   0      422 6936.8000 1211.3865  1.00000  1.00000
   0      428 8503.6000 3004.5772  1.00000  1.00000
   0      375 4700.3506 7105.9468  1.00000  1.00000
   0      317 5007.6667 7275.6667  1.00000  1.00000
   0      403  955.1383 12311.1660  1.00000  1.00000
   1      492 1431.0000 1037.0000  1.00000  1.00000
   1      317 1453.6667 1012.3333  1.00000  1.00000
   1      333 4039.0000 7293.3333  1.00000  1.00000
   1      563 4984.0000 7714.3333  1.00000  1.00000
   1      509 1036.0000 7145.3333  1.00000  1.00000
   1      651 2043.7778 9819.7069  1.00000  1.00000
   1      351  148.6667 11965.6667  1.00000  1.00000
   1      607 4245.3951 11587.6550  1.00000  1.00000
   1      634 4870.8049 10911.3411  1.00000  1.00000
   1      347 5892.0519 11172.1777  1.00000  1.00000
   2      317 4060.0000  912.3333  1.00000  1.00000
   2      492 4034.3333  937.3333  1.00000  1.00000
   2      375 4354.7975 1106.0428  1.00000  1.00000
   2      422 1672.0000 6836.0000  1.00000  1.00000
   2      509 3481.3333 7053.3333  1.00000  1.00000
   2      333 6455.6593 7294.8080  1.00000  1.00000
   2      563 7392.6000 7745.8755  1.00000  1.00000
   2      651 4377.0395 9766.5071  1.00000  1.00000
   2      351 2409.1556 11859.1323  1.00000  1.00000
   2      552 2189.3802 12119.3787  1.00000  1.00000
   2      607 6530.8988 11607.8742  1.00000  1.00000
   2      634 7180.1704 10949.7925  1.00000  1.00000
   2      347 8197.3333 11243.6667  1.00000  1.00000
   3      317 6751.9119 1015.9611  1.00000  1.00000
   3      492 6726.4347 1040.1297  1.00000  1.00000
   3      375 7042.5000 1218.8872  1.00000  1.00000
   3      428 2811.5000 4908.7134  1.00000  1.00000
   3      590 2876.5000 5020.1089  1.00000  1.00000
   3      410 7829.6064 5477.0000  1.00000  1.00000
   3      422 4180.5122 6874.6667  1.00000  1.00000
   3      509 6019.5000 7148.7432  1.00000  1.00000
   3      651 6803.0851 9893.6667  1.00000  1.00000
   3      351 4767.0000 11933.7743  1.00000  1.00000
   3      552 4537.7295 12186.4202  1.00000  1.00000
   4      607 1684.0000 6440.8132  1.00000  1.00000
   4      563 1300.7447 10316.1064  1.00000  1.00000
   4      509 5202.0000 10590.1025  1.00000  1.00000
   4      410 3661.4468 12430.6667  1.00000  1.00000
   4      651 4005.5167 7983.6667  1.00000  1.00000
   4      422 7002.7356 10531.3333  1.00000  1.00000
   4      428 8635.4377 12250.7393  1.00000  1.00000
   4      590 8556.0000 12150.2853  1.00000  1.00000
   4      351 5681.0000 5699.7756  1.00000  1.00000
   4      552 5865.9301 5420.7601  1.00000  1.00000

   1    1      317 
   2    1      333 
   3    1      347 
   4    1      351 
   5    1      375 
   6    1      403 
   7    1      410 
   8    1      422 
   9    1      428 
  10    1      492 
  11    1      509 
  12    1      552 
  13    1      563 
  14    1      590 
  15    1      607 
  16    1      634 
  17    1      651 

   0    1
   0    2
   0    5
   0    6
   0    7
   0    8
   0    9
   0   11
   1    1
   1    2
   1    3
   1    4
   1   10
   1   11
   1   13
   1   15
   1   16
   1   17
   2    1
   2    2
   2    3
   2    4
   2    5
   2    8
   2   10
   2   11
   2   12
   2   13
   2   15
   2   16
   2   17
   3    1
   3    4
   3    5
   3    7
   3    8
   3    9
   3   10
   3   11
   3   12
   3   14
   3   17
   4    4
   4    7
   4    8
   4    9
   4   11
   4   12
   4   13
   4   14
   4   15
   4   17

