-39.433726 
-1.168805 
-179.837166 
-0.044747 
1.294286 
1.469778 
-39.762514 
-1.856253 
-90.124107 
-0.029802 
1.527577 
1.639386 
-27.238116 
-28.555767 
-141.843270 
-1.144497 
0.966590 
1.582480 
-28.557013 
-30.326602 
-49.779366 
-1.143616 
0.991412 
1.637891 
4.377439 
-34.668421 
-87.139309 
-1.171041 
-0.082605 
1.411122 
2.109324 
-34.004173 
1.519620 
-1.213426 
-0.023854 
1.465719 
27.335371 
-28.302550 
-44.212506 
-1.034989 
-0.849421 
1.404695 
26.932585 
-28.124370 
44.871108 
-1.219160 
-0.966793 
1.715611 
30.396199 
0.180371 
0.085182 
0.024613 
-1.043626 
1.534795 
31.004441 
1.729580 
89.541909 
0.053946 
-1.093364 
1.617831 
27.635771 
30.743248 
42.337464 
1.270192 
-0.925301 
1.553338 
24.652801 
30.232922 
133.211572 
1.364881 
-0.981464 
1.614678 
0.526481 
33.153592 
88.703898 
1.131027 
-0.002322 
1.472247 
-1.752953 
33.625053 
-179.790069 
1.296711 
0.025631 
1.599202 
-30.766023 
28.174125 
138.432325 
1.171871 
1.054779 
1.502011 
-29.897669 
26.978177 
-134.621310 
1.194468 
1.119796 
1.590269 
-8.506060 
-0.498396 
179.399843 
-0.074879 
0.322204 
1.973178 
-4.764908 
0.651129 
88.785199 
-0.018841 
0.426352 
1.886162 
-4.395604 
-0.437321 
88.242490 
-0.039305 
0.078319 
1.876103 
-7.603007 
-1.553403 
179.948361 
0.201846 
0.282047 
1.926798 
-8.686086 
1.089387 
177.392244 
-0.229954 
0.320636 
1.906636 
