Bundle Soln PhotoModeler Calibration Project
 0.000500 20 2272 1704
 1.00000  0.10000 10.00000 100.00000 100.00000 100.00000 20.00000 20.00000 20.00000
 7.4653  3.6173  2.6128 7.25319 5.43764 0.00498 -0.00010 0.00000 -0.00006 -0.00004
 0.00000  0.00725  0.00544 0.500000 0.500000 0.001000 0.000100 0.000100 0.001000 0.001000
   0 data/dbat/images/cam/P8250021.JPG
   0    0.455    1.794    1.468 -179.839   -1.181  -39.420
   0   0.0002   0.0002   0.0002   0.0029   0.0080   0.0090

   0   7.465   3.617   2.613 7.25319 5.43764 0.00498 -0.00010 0.00000 -0.00006 -0.00004
   0  0.00000  0.00725  0.00544 0.500000 0.500000 0.001000 0.000100 0.000100 0.001000 0.001000
   1 data/dbat/images/cam/P8250022.JPG
   1    0.470    2.027    1.640  -90.124   -1.818  -39.740
   1   0.0002   0.0002   0.0002   0.0030   0.0093   0.0086

   1   7.465   3.617   2.613 7.25319 5.43764 0.00498 -0.00010 0.00000 -0.00006 -0.00004
   1  0.00000  0.00725  0.00544 0.500000 0.500000 0.001000 0.000100 0.000100 0.001000 0.001000
   2 data/dbat/images/cam/P8250023.JPG
   2   -0.645    1.467    1.581 -141.842  -28.561  -27.234
   2   0.0002   0.0002   0.0003   0.0057   0.0079   0.0111

   2   7.465   3.617   2.613 7.25319 5.43764 0.00498 -0.00010 0.00000 -0.00006 -0.00004
   2  0.00000  0.00725  0.00544 0.500000 0.500000 0.001000 0.000100 0.000100 0.001000 0.001000
   3 data/dbat/images/cam/P8250024.JPG
   3   -0.644    1.491    1.638  -49.788  -30.296  -28.560
   3   0.0002   0.0002   0.0003   0.0049   0.0097   0.0093

   3   7.465   3.617   2.613 7.25319 5.43764 0.00498 -0.00010 0.00000 -0.00006 -0.00004
   3  0.00000  0.00725  0.00544 0.500000 0.500000 0.001000 0.000100 0.000100 0.001000 0.001000
   4 data/dbat/images/cam/P8250025.JPG
   4   -0.671    0.417    1.410  -87.136  -34.665    4.380
   4   0.0002   0.0002   0.0002   0.0055   0.0091   0.0099

   4   7.465   3.617   2.613 7.25319 5.43764 0.00498 -0.00010 0.00000 -0.00006 -0.00004
   4  0.00000  0.00725  0.00544 0.500000 0.500000 0.001000 0.000100 0.000100 0.001000 0.001000


       2    0.28573    1.14303   -0.00098   0.000042   0.000041   0.000072
       3    0.42863    1.14310   -0.00022   0.000042   0.000041   0.000071
       4    0.14298    1.14312   -0.00084   0.000043   0.000042   0.000075
       5    0.57136    1.14316    0.00079   0.000042   0.000041   0.000071
       6    0.00015    1.14310   -0.00089   0.000044   0.000044   0.000077
      10    0.99979    1.14312   -0.00140   0.000044   0.000043   0.000076
    1001    0.00000    1.00000    0.00000   0.545506   0.545506   0.545506
    1002    1.00000    1.00000    0.00000   0.545506   0.545506   0.545506
    1003    0.00000    0.00000    0.00000   0.545506   0.545506   0.545506
    1004    1.00000    0.00000    0.00000   0.545506   0.545506   0.545506

   0        2 1429.1871 1456.4278  0.10000  0.10000
   0        3 1217.8557 1456.1798  0.10000  0.10000
   0        4 1638.5148 1454.0811  0.10000  0.10000
   0        5 1006.2362 1453.7820  0.10000  0.10000
   0        6 1844.4644 1450.3823  0.10000  0.10000
   0        7  797.0289 1449.8387  0.10000  0.10000
   0        8 2047.1395 1446.2662  0.10000  0.10000
   0        9  591.4144 1443.8697  0.10000  0.10000
   0       10  391.6128 1437.6830  0.10000  0.10000
   0       11  195.6615 1429.8491  0.10000  0.10000
   0       12 1418.1391 1270.0164  0.10000  0.10000
   0       13 1216.8273 1269.9377  0.10000  0.10000
   0       14 1617.4939 1268.7603  0.10000  0.10000
   0       15 1015.1358 1267.7026  0.10000  0.10000
   0     1001 1813.4284 1266.2367  0.10000  0.10000
   0       16  815.6912 1265.0421  0.10000  0.10000
   0       17 2005.8948 1262.2445  0.10000  0.10000
   0       18  619.7495 1260.9004  0.10000  0.10000
   0     1002  428.5563 1255.3326  0.10000  0.10000
   0       19  243.4372 1250.7945  0.10000  0.10000
   0       20 1407.5207 1099.9881  0.10000  0.10000
   0       21 1597.5731 1099.4047  0.10000  0.10000
   0       22 1215.6603 1099.7737  0.10000  0.10000
   0       23 1784.5411 1097.5548  0.10000  0.10000
   0       24 1023.4725 1097.3086  0.10000  0.10000
   0       25 1967.4325 1095.6753  0.10000  0.10000
   0       26  833.0220 1095.1614  0.10000  0.10000
   0       27  646.4377 1093.7252  0.10000  0.10000
   0       28  464.1943 1090.7112  0.10000  0.10000
   0       29  287.2191 1087.5448  0.10000  0.10000
   0       30 1931.4343  944.3629  0.10000  0.10000
   0       31 1757.0625  944.2338  0.10000  0.10000
   0       32 1578.6473  944.5296  0.10000  0.10000
   0       33 1397.3486  945.0716  0.10000  0.10000
   0       34 1214.4710  944.7584  0.10000  0.10000
   0       35  671.6101  941.2705  0.10000  0.10000
   0       36 1031.2014  941.4652  0.10000  0.10000
   0       37  849.7808  941.2251  0.10000  0.10000
   0       38  497.6257  940.4461  0.10000  0.10000
   0       39  326.8614  936.2355  0.10000  0.10000
   0       40 1560.5906  804.2485  0.10000  0.10000
   0       41 1387.7016  803.8287  0.10000  0.10000
   0       42 1898.9988  803.0511  0.10000  0.10000
   0       43 1213.2420  802.8610  0.10000  0.10000
   0       44  695.3857  802.2472  0.10000  0.10000
   0       45 1731.4896  802.8705  0.10000  0.10000
   0       46  528.4134  801.6390  0.10000  0.10000
   0       47  865.5582  801.2688  0.10000  0.10000
   0       48  365.3910  800.1903  0.10000  0.10000
   0       49 1038.5198  800.3304  0.10000  0.10000
   0       50 1866.1747  679.4978  0.10000  0.10000
   0       51 1706.2913  678.0781  0.10000  0.10000
   0       52  402.0369  677.3159  0.10000  0.10000
   0       53  558.0698  676.6650  0.10000  0.10000
   0       54 1543.5888  675.8288  0.10000  0.10000
   0       55 1378.4256  676.2626  0.10000  0.10000
   0       56 1212.0953  675.7048  0.10000  0.10000
   0       57  717.7645  676.1453  0.10000  0.10000
   0       58  880.5014  674.7863  0.10000  0.10000
   0       59 1045.5639  673.3149  0.10000  0.10000
   0       60  436.2440  565.0226  0.10000  0.10000
   0       61 1836.6646  564.3044  0.10000  0.10000
   0       62 1683.2268  562.5779  0.10000  0.10000
   0       63  585.8161  562.8024  0.10000  0.10000
   0       64 1527.4848  561.0436  0.10000  0.10000
   0       65 1369.7331  560.2879  0.10000  0.10000
   0       66  738.7234  561.2654  0.10000  0.10000
   0       67 1210.9978  559.4700  0.10000  0.10000
   0       68  894.5485  560.0128  0.10000  0.10000
   0       69 1052.1045  558.2089  0.10000  0.10000
   0       70  467.8120  460.8823  0.10000  0.10000
   0       71 1808.7576  459.4924  0.10000  0.10000
   0       72  611.4717  457.7879  0.10000  0.10000
   0       73 1661.7535  457.2167  0.10000  0.10000
   0       74  758.2178  456.2724  0.10000  0.10000
   0       75 1512.4194  454.8595  0.10000  0.10000
   0       76  907.3967  454.6323  0.10000  0.10000
   0       77 1361.6033  453.7812  0.10000  0.10000
   0       78 1209.8759  453.5157  0.10000  0.10000
   0       79 1058.2089  453.3440  0.10000  0.10000
   0       80  497.5415  366.5497  0.10000  0.10000
   0     1004  635.6057  362.5516  0.10000  0.10000
   0       81 1783.1065  362.0649  0.10000  0.10000
   0     1003 1641.6407  360.4757  0.10000  0.10000
   0       82  776.5702  361.0723  0.10000  0.10000
   0       83 1498.4564  359.0714  0.10000  0.10000
   0       84 1354.0694  358.1599  0.10000  0.10000
   0       85 1208.7526  357.6902  0.10000  0.10000
   0       86  919.2193  358.0043  0.10000  0.10000
   0       87 1063.6262  356.5845  0.10000  0.10000
   0       88  525.2250  279.7664  0.10000  0.10000
   0       89  658.3035  276.3722  0.10000  0.10000
   0       90 1758.8551  274.3339  0.10000  0.10000
   0       91  793.3730  273.5425  0.10000  0.10000
   0       92 1622.8272  272.4571  0.10000  0.10000
   0       93  930.5242  271.4949  0.10000  0.10000
   0       94 1485.4209  271.0819  0.10000  0.10000
   0       95 1346.9305  270.5112  0.10000  0.10000
   0       96 1068.8293  270.3444  0.10000  0.10000
   0       97 1207.8107  269.9316  0.10000  0.10000
   1        8  674.8753 1655.9416  0.10000  0.10000
   1       17  826.2849 1623.7844  0.10000  0.10000
   1       25  964.9566 1593.0643  0.10000  0.10000
   1       30 1092.0962 1563.8839  0.10000  0.10000
   1       42 1212.1207 1537.2838  0.10000  0.10000
   1       50 1317.6901 1510.3732  0.10000  0.10000
   1       61 1417.1903 1485.9204  0.10000  0.10000
   1        6  671.4747 1482.3483  0.10000  0.10000
   1       71 1508.5368 1462.7289  0.10000  0.10000
   1     1001  823.1854 1457.4089  0.10000  0.10000
   1       81 1594.2804 1441.2207  0.10000  0.10000
   1       23  963.5806 1433.8101  0.10000  0.10000
   1       90 1672.1291 1420.7033  0.10000  0.10000
   1       31 1092.1789 1411.1942  0.10000  0.10000
   1       45 1211.9392 1389.9721  0.10000  0.10000
   1       51 1318.4409 1369.1128  0.10000  0.10000
   1       62 1418.0606 1349.7746  0.10000  0.10000
   1       73 1509.8302 1331.7012  0.10000  0.10000
   1     1003 1594.8842 1314.6596  0.10000  0.10000
   1        4  668.6146 1305.8921  0.10000  0.10000
   1       92 1672.9755 1298.5880  0.10000  0.10000
   1       14  821.2664 1288.3565  0.10000  0.10000
   1       21  961.9533 1271.6134  0.10000  0.10000
   1       32 1091.7636 1255.6181  0.10000  0.10000
   1       40 1210.2507 1240.2917  0.10000  0.10000
   1       54 1319.8442 1225.7861  0.10000  0.10000
   1       64 1418.7114 1211.9634  0.10000  0.10000
   1       75 1511.1652 1199.0308  0.10000  0.10000
   1       83 1595.3231 1186.8451  0.10000  0.10000
   1       94 1673.3702 1175.4192  0.10000  0.10000
   1        2  666.5835 1126.8071  0.10000  0.10000
   1       12  820.1139 1116.8937  0.10000  0.10000
   1       20  961.2762 1107.2659  0.10000  0.10000
   1       33 1090.8390 1098.0416  0.10000  0.10000
   1       41 1210.1113 1089.2768  0.10000  0.10000
   1       55 1318.7977 1080.7644  0.10000  0.10000
   1       65 1418.6078 1072.8247  0.10000  0.10000
   1       77 1511.3157 1065.2898  0.10000  0.10000
   1       84 1595.3404 1058.1855  0.10000  0.10000
   1       95 1673.0842 1051.5107  0.10000  0.10000
   1        3  666.2779  946.1997  0.10000  0.10000
   1       13  819.6339  943.9531  0.10000  0.10000
   1       22  960.8613  941.6715  0.10000  0.10000
   1       34 1090.5002  939.3678  0.10000  0.10000
   1       43 1210.2956  937.0633  0.10000  0.10000
   1       56 1318.5834  934.9340  0.10000  0.10000
   1       67 1418.6482  932.8882  0.10000  0.10000
   1       78 1510.8387  930.8118  0.10000  0.10000
   1       85 1595.0295  928.8838  0.10000  0.10000
   1       97 1672.8962  927.0717  0.10000  0.10000
   1       96 1671.8993  802.8152  0.10000  0.10000
   1       87 1595.3598  799.6619  0.10000  0.10000
   1       79 1510.2532  796.4245  0.10000  0.10000
   1       69 1419.0665  792.8038  0.10000  0.10000
   1       59 1319.9621  788.8653  0.10000  0.10000
   1       49 1211.7299  784.6642  0.10000  0.10000
   1       36 1092.5809  780.3003  0.10000  0.10000
   1       24  962.0102  775.7132  0.10000  0.10000
   1       15  820.4935  770.6564  0.10000  0.10000
   1        5  667.1749  765.1944  0.10000  0.10000
   1       93 1670.3138  678.9176  0.10000  0.10000
   1       86 1593.4526  670.8953  0.10000  0.10000
   1       76 1508.4489  662.5975  0.10000  0.10000
   1       68 1416.7062  653.5870  0.10000  0.10000
   1       58 1317.8030  643.7749  0.10000  0.10000
   1       47 1209.8791  633.3530  0.10000  0.10000
   1       37 1091.5312  622.4130  0.10000  0.10000
   1       26  962.4814  610.7405  0.10000  0.10000
   1       16  821.0840  598.6993  0.10000  0.10000
   1        7  668.6011  585.6926  0.10000  0.10000
   1       91 1667.8809  555.8550  0.10000  0.10000
   1       82 1590.1263  543.4022  0.10000  0.10000
   1       74 1506.4030  529.8045  0.10000  0.10000
   1       66 1414.8354  515.5623  0.10000  0.10000
   1       57 1315.7112  500.2271  0.10000  0.10000
   1       44 1207.8249  483.8555  0.10000  0.10000
   1       35 1090.0176  466.5866  0.10000  0.10000
   1       27  961.8946  448.3214  0.10000  0.10000
   1       89 1664.8569  434.2462  0.10000  0.10000
   1       18  822.5800  428.9426  0.10000  0.10000
   1     1004 1588.2811  417.0251  0.10000  0.10000
   1        9  671.3576  408.5336  0.10000  0.10000
   1       72 1504.3877  398.7569  0.10000  0.10000
   1       63 1412.6766  379.4268  0.10000  0.10000
   1       53 1314.2079  358.6667  0.10000  0.10000
   1       46 1207.1086  336.5507  0.10000  0.10000
   1       88 1661.2624  314.3351  0.10000  0.10000
   1       38 1089.0767  313.5967  0.10000  0.10000
   1       80 1584.0763  292.9147  0.10000  0.10000
   1       28  962.5202  288.8800  0.10000  0.10000
   1       70 1500.9652  270.0433  0.10000  0.10000
   1     1002  825.0757  262.5869  0.10000  0.10000
   1       60 1409.8541  245.8519  0.10000  0.10000
   1       10  674.0655  235.6502  0.10000  0.10000
   1       52 1312.5301  219.8375  0.10000  0.10000
   1       48 1206.9653  192.0649  0.10000  0.10000
   1       39 1091.1516  163.0256  0.10000  0.10000
   1       29  963.2267  133.4148  0.10000  0.10000
   1       19  826.6706  100.9158  0.10000  0.10000
   1       11  678.7676   66.3951  0.10000  0.10000
   2        8 1088.3676 1570.9448  0.10000  0.10000
   2        6  954.5825 1438.4888  0.10000  0.10000
   2       17 1231.8811 1437.9110  0.10000  0.10000
   2     1001 1096.8101 1314.4172  0.10000  0.10000
   2        4  830.5227 1313.6101  0.10000  0.10000
   2       25 1367.1387 1311.3117  0.10000  0.10000
   2       14  970.8691 1197.3100  0.10000  0.10000
   2        2  716.2647 1196.7890  0.10000  0.10000
   2       23 1231.5088 1195.0532  0.10000  0.10000
   2       30 1493.7498 1191.4623  0.10000  0.10000
   2       12  854.0219 1087.2037  0.10000  0.10000
   2        3  610.8066 1087.0752  0.10000  0.10000
   2       21 1104.4260 1085.6446  0.10000  0.10000
   2       31 1358.4339 1081.9376  0.10000  0.10000
   2       42 1612.1172 1075.3941  0.10000  0.10000
   2        5  513.9943  984.9701  0.10000  0.10000
   2       13  746.0024  984.3705  0.10000  0.10000
   2       20  985.8528  982.3911  0.10000  0.10000
   2       32 1230.8939  978.9590  0.10000  0.10000
   2       45 1477.3572  973.4937  0.10000  0.10000
   2       50 1720.9456  970.9849  0.10000  0.10000
   2        7  425.5784  891.1588  0.10000  0.10000
   2       15  646.2109  888.0767  0.10000  0.10000
   2       22  875.7326  885.9409  0.10000  0.10000
   2       33 1111.3353  882.7877  0.10000  0.10000
   2       40 1349.9108  878.8286  0.10000  0.10000
   2       51 1587.7928  875.1538  0.10000  0.10000
   2       61 1822.1404  871.0333  0.10000  0.10000
   2        9  344.1180  803.6104  0.10000  0.10000
   2       16  554.8461  799.8203  0.10000  0.10000
   2       24  773.4423  794.8352  0.10000  0.10000
   2       34  999.7328  792.2995  0.10000  0.10000
   2       41 1230.0566  788.2052  0.10000  0.10000
   2       54 1461.4036  783.6927  0.10000  0.10000
   2       62 1690.5339  781.3407  0.10000  0.10000
   2       71 1915.8819  778.0768  0.10000  0.10000
   2       10  269.6482  723.5235  0.10000  0.10000
   2       18  470.4281  717.5203  0.10000  0.10000
   2       26  679.2048  711.2873  0.10000  0.10000
   2       36  895.4357  705.5247  0.10000  0.10000
   2       43 1117.4560  702.7880  0.10000  0.10000
   2       55 1341.7265  699.8355  0.10000  0.10000
   2       64 1565.3545  696.4590  0.10000  0.10000
   2       73 1786.1342  693.6569  0.10000  0.10000
   2       81 2003.3195  689.8042  0.10000  0.10000
   2       11  199.9489  647.5773  0.10000  0.10000
   2     1002  392.3871  640.7924  0.10000  0.10000
   2       27  592.4159  635.0937  0.10000  0.10000
   2       37  799.2628  628.0204  0.10000  0.10000
   2       49 1012.0478  621.5900  0.10000  0.10000
   2       56 1228.9909  620.1121  0.10000  0.10000
   2       65 1446.4768  616.9337  0.10000  0.10000
   2       75 1662.4605  613.3163  0.10000  0.10000
   2     1003 1875.1542  611.3214  0.10000  0.10000
   2       90 2084.4036  608.8637  0.10000  0.10000
   2       19  320.7993  570.8962  0.10000  0.10000
   2       28  511.9219  563.4314  0.10000  0.10000
   2       35  710.0647  556.5115  0.10000  0.10000
   2       47  914.2751  549.1863  0.10000  0.10000
   2       59 1123.0200  543.6098  0.10000  0.10000
   2       67 1334.0003  541.7335  0.10000  0.10000
   2       77 1544.6297  538.3579  0.10000  0.10000
   2       83 1752.8452  536.6409  0.10000  0.10000
   2       92 1957.9327  534.7292  0.10000  0.10000
   2       29  437.3711  497.0990  0.10000  0.10000
   2       38  627.2877  489.5498  0.10000  0.10000
   2       44  823.0711  481.7944  0.10000  0.10000
   2       58 1024.0022  475.4438  0.10000  0.10000
   2       69 1227.9111  470.4362  0.10000  0.10000
   2       78 1432.7347  468.0301  0.10000  0.10000
   2       84 1636.3559  466.2055  0.10000  0.10000
   2       94 1837.2785  464.5211  0.10000  0.10000
   2       39  549.4150  424.2163  0.10000  0.10000
   2       46  737.8714  417.6323  0.10000  0.10000
   2       57  931.3147  411.5563  0.10000  0.10000
   2       68 1128.2466  406.1849  0.10000  0.10000
   2       79 1326.9635  401.6591  0.10000  0.10000
   2       85 1525.3618  399.6046  0.10000  0.10000
   2       95 1722.1543  398.3698  0.10000  0.10000
   2       48  658.4188  357.2211  0.10000  0.10000
   2       53  844.5819  351.1385  0.10000  0.10000
   2       66 1034.4756  345.2406  0.10000  0.10000
   2       76 1226.9507  340.2488  0.10000  0.10000
   2       87 1420.1971  335.8637  0.10000  0.10000
   2       97 1612.3190  335.2411  0.10000  0.10000
   2       52  763.5109  294.7242  0.10000  0.10000
   2       63  946.5661  288.3475  0.10000  0.10000
   2       74 1132.6669  282.5293  0.10000  0.10000
   2       86 1320.3521  277.7146  0.10000  0.10000
   2       96 1507.8644  276.2211  0.10000  0.10000
   2       60  864.1179  235.4604  0.10000  0.10000
   2       72 1043.9519  228.0984  0.10000  0.10000
   2       82 1225.8913  224.1621  0.10000  0.10000
   2       93 1408.5308  220.6584  0.10000  0.10000
   2       70  960.4919  178.3155  0.10000  0.10000
   2     1004 1136.7921  172.0244  0.10000  0.10000
   2       91 1314.2073  168.7311  0.10000  0.10000
   2       80 1052.5788  125.1771  0.10000  0.10000
   2       89 1224.9400  120.1542  0.10000  0.10000
   2       88 1140.4682   74.7817  0.10000  0.10000
   3       92 1268.2429 1678.9824  0.10000  0.10000
   3       71 1030.3011 1628.2141  0.10000  0.10000
   3     1003 1196.1840 1595.2398  0.10000  0.10000
   3       94 1342.5843 1564.2244  0.10000  0.10000
   3       61  942.8675 1533.0721  0.10000  0.10000
   3       73 1118.7575 1505.2398  0.10000  0.10000
   3       83 1274.9148 1479.1463  0.10000  0.10000
   3       95 1412.7991 1454.6409  0.10000  0.10000
   3       50  849.1520 1430.3699  0.10000  0.10000
   3       62 1036.5917 1408.5447  0.10000  0.10000
   3       75 1203.1240 1387.9702  0.10000  0.10000
   3       84 1349.4233 1368.3347  0.10000  0.10000
   3       97 1479.9047 1350.0327  0.10000  0.10000
   3       42  751.5507 1320.2978  0.10000  0.10000
   3       51  948.8769 1304.6765  0.10000  0.10000
   3       64 1125.4224 1290.0130  0.10000  0.10000
   3       77 1282.0914 1276.1775  0.10000  0.10000
   3       85 1420.0127 1262.7547  0.10000  0.10000
   3       96 1542.9812 1250.4112  0.10000  0.10000
   3       30  643.2629 1200.3937  0.10000  0.10000
   3       45  857.2774 1193.2448  0.10000  0.10000
   3       54 1044.1603 1185.4191  0.10000  0.10000
   3       65 1208.9198 1177.4595  0.10000  0.10000
   3       78 1356.4604 1169.8851  0.10000  0.10000
   3       87 1487.7233 1162.6470  0.10000  0.10000
   3       93 1602.4274 1155.5791  0.10000  0.10000
   3       55 1131.9480 1072.1637  0.10000  0.10000
   3       40  955.7798 1073.0581  0.10000  0.10000
   3       79 1426.8044 1069.2003  0.10000  0.10000
   3       67 1288.0797 1070.7530  0.10000  0.10000
   3       31  756.4352 1073.2430  0.10000  0.10000
   3       86 1549.8304 1067.4150  0.10000  0.10000
   3       91 1658.1214 1065.3652  0.10000  0.10000
   3       25  531.7992 1072.4820  0.10000  0.10000
   3       89 1710.3271  979.8810  0.10000  0.10000
   3       82 1607.2739  977.1622  0.10000  0.10000
   3       76 1492.1705  973.9818  0.10000  0.10000
   3       69 1363.3527  970.0564  0.10000  0.10000
   3       56 1215.5928  965.4218  0.10000  0.10000
   3       41 1050.1642  960.0409  0.10000  0.10000
   3       32  863.0228  953.3238  0.10000  0.10000
   3       23  651.6234  945.2603  0.10000  0.10000
   3       17  414.2572  935.7003  0.10000  0.10000
   3       88 1759.2626  899.0250  0.10000  0.10000
   3     1004 1663.0097  891.9939  0.10000  0.10000
   3       74 1553.7833  883.9549  0.10000  0.10000
   3       68 1431.4353  875.1269  0.10000  0.10000
   3       59 1295.9348  865.0235  0.10000  0.10000
   3       43 1139.3440  853.6017  0.10000  0.10000
   3       33  962.8293  840.6999  0.10000  0.10000
   3       21  764.4395  825.9964  0.10000  0.10000
   3       80 1713.4328  811.2894  0.10000  0.10000
   3     1001  541.1743  809.3490  0.10000  0.10000
   3       72 1611.8087  799.2103  0.10000  0.10000
   3       66 1496.2149  785.7596  0.10000  0.10000
   3        8  290.6419  790.4740  0.10000  0.10000
   3       58 1367.9543  770.8754  0.10000  0.10000
   3       49 1224.2778  753.8660  0.10000  0.10000
   3       34 1056.8903  735.3225  0.10000  0.10000
   3       70 1665.1655  719.3318  0.10000  0.10000
   3       20  871.0801  714.5606  0.10000  0.10000
   3       63 1556.8607  701.8504  0.10000  0.10000
   3       14  661.4663  691.4445  0.10000  0.10000
   3       57 1435.5949  682.5714  0.10000  0.10000
   3       47 1300.4221  660.9508  0.10000  0.10000
   3        6  426.5089  665.6899  0.10000  0.10000
   3       36 1147.2711  636.8523  0.10000  0.10000
   3       60 1613.1915  623.0785  0.10000  0.10000
   3       22  970.9266  610.7656  0.10000  0.10000
   3       53 1499.6125  599.9006  0.10000  0.10000
   3       12  774.7449  581.8486  0.10000  0.10000
   3       44 1371.4492  574.1701  0.10000  0.10000
   3       37 1228.3220  545.6850  0.10000  0.10000
   3        4  554.3998  549.8670  0.10000  0.10000
   3       52 1559.3873  522.5234  0.10000  0.10000
   3       24 1065.4218  514.3180  0.10000  0.10000
   3       46 1439.0939  493.1226  0.10000  0.10000
   3       13  880.7445  480.3192  0.10000  0.10000
   3       35 1303.3314  460.9655  0.10000  0.10000
   3        2  674.1456  442.9694  0.10000  0.10000
   3       26 1152.3094  425.1975  0.10000  0.10000
   3       48 1502.7376  417.5206  0.10000  0.10000
   3       15  980.1985  386.3676  0.10000  0.10000
   3       38 1373.6477  382.3212  0.10000  0.10000
   3       27 1231.7756  342.9621  0.10000  0.10000
   3        3  786.7271  344.1512  0.10000  0.10000
   3       39 1442.0263  308.4583  0.10000  0.10000
   3       16 1071.5342  300.1912  0.10000  0.10000
   3       28 1306.5662  266.7231  0.10000  0.10000
   3        5  891.7058  253.2642  0.10000  0.10000
   3       18 1156.8406  220.4928  0.10000  0.10000
   3       29 1375.8295  196.0703  0.10000  0.10000
   3        7  988.4010  170.2310  0.10000  0.10000
   3     1002 1236.4396  146.8528  0.10000  0.10000
   3        9 1078.6537   93.5783  0.10000  0.10000
   3       19 1309.0328   79.2073  0.10000  0.10000
   3       10 1161.3232   23.5280  0.10000  0.10000
   4       71 1706.9391 1404.2815  0.10000  0.10000
   4       61 1482.4498 1403.6429  0.10000  0.10000
   4       90 2149.9919 1402.0343  0.10000  0.10000
   4       81 1929.7138 1402.4709  0.10000  0.10000
   4       50 1256.6321 1401.2949  0.10000  0.10000
   4       42 1031.7337 1394.6803  0.10000  0.10000
   4       30  811.6768 1389.9522  0.10000  0.10000
   4       25  596.9389 1380.9018  0.10000  0.10000
   4       17  389.5772 1371.1960  0.10000  0.10000
   4        8  189.7586 1361.9903  0.10000  0.10000
   4       73 1689.5308 1201.0504  0.10000  0.10000
   4       92 2109.5715 1199.8386  0.10000  0.10000
   4     1003 1901.0891 1200.4238  0.10000  0.10000
   4       62 1475.3779 1200.2449  0.10000  0.10000
   4       51 1259.8110 1198.2209  0.10000  0.10000
   4       45 1045.0117 1193.0377  0.10000  0.10000
   4       31  834.1718 1190.0507  0.10000  0.10000
   4       23  628.6883 1184.2873  0.10000  0.10000
   4     1001  430.7777 1178.3915  0.10000  0.10000
   4        6  239.5127 1171.3794  0.10000  0.10000
   4       94 2072.2109 1015.8728  0.10000  0.10000
   4       83 1873.9028 1015.4987  0.10000  0.10000
   4       75 1672.5859 1014.4240  0.10000  0.10000
   4       64 1468.0580 1013.8504  0.10000  0.10000
   4       54 1262.4929 1011.1599  0.10000  0.10000
   4       40 1057.5827 1009.7039  0.10000  0.10000
   4       32  855.7920 1006.7818  0.10000  0.10000
   4       21  659.3149 1004.0052  0.10000  0.10000
   4       14  469.2908 1000.5716  0.10000  0.10000
   4        4  286.0341  996.5110  0.10000  0.10000
   4       95 2036.9277  848.5719  0.10000  0.10000
   4       84 1847.8635  846.8933  0.10000  0.10000
   4       77 1655.7174  844.7818  0.10000  0.10000
   4       65 1460.6120  844.0768  0.10000  0.10000
   4       55 1264.6140  842.4013  0.10000  0.10000
   4       41 1069.0683  840.6870  0.10000  0.10000
   4       33  876.4823  839.6918  0.10000  0.10000
   4       20  688.2084  838.3957  0.10000  0.10000
   4       12  505.9080  837.2380  0.10000  0.10000
   4        2  330.0569  836.2926  0.10000  0.10000
   4       97 2003.7893  695.1306  0.10000  0.10000
   4       85 1822.8873  692.8129  0.10000  0.10000
   4       78 1639.1765  690.4138  0.10000  0.10000
   4        3  371.1777  688.6453  0.10000  0.10000
   4       67 1453.0994  688.9502  0.10000  0.10000
   4       13  540.6057  687.8707  0.10000  0.10000
   4       56 1266.1794  687.7336  0.10000  0.10000
   4       22  715.4564  687.1310  0.10000  0.10000
   4       34  895.6191  686.8803  0.10000  0.10000
   4       43 1079.6845  686.1515  0.10000  0.10000
   4       96 1972.4259  555.6192  0.10000  0.10000
   4        5  410.1786  553.3392  0.10000  0.10000
   4       87 1799.5822  551.3106  0.10000  0.10000
   4       15  573.0807  550.6150  0.10000  0.10000
   4       79 1623.5078  549.6039  0.10000  0.10000
   4       24  740.8439  547.8717  0.10000  0.10000
   4       69 1445.9670  546.8787  0.10000  0.10000
   4       36  913.1713  545.1384  0.10000  0.10000
   4       59 1267.4582  545.0157  0.10000  0.10000
   4       49 1089.2513  543.9902  0.10000  0.10000
   4        7  447.2407  430.6341  0.10000  0.10000
   4       93 1942.8240  428.1707  0.10000  0.10000
   4       16  604.0751  426.8964  0.10000  0.10000
   4       86 1776.8625  424.1067  0.10000  0.10000
   4       76 1608.3574  422.3663  0.10000  0.10000
   4       26  764.9680  422.3233  0.10000  0.10000
   4       68 1438.6096  420.7633  0.10000  0.10000
   4       37  930.1871  419.9556  0.10000  0.10000
   4       58 1268.3577  419.0587  0.10000  0.10000
   4       47 1098.4126  418.5991  0.10000  0.10000
   4        9  482.0227  317.7184  0.10000  0.10000
   4       18  633.0659  313.2852  0.10000  0.10000
   4       91 1914.9326  312.0068  0.10000  0.10000
   4       27  787.7307  309.4418  0.10000  0.10000
   4       82 1755.2634  309.1102  0.10000  0.10000
   4       35  945.9714  306.5107  0.10000  0.10000
   4       74 1594.2353  306.1743  0.10000  0.10000
   4       66 1431.7619  304.8087  0.10000  0.10000
   4       57 1269.0377  304.1560  0.10000  0.10000
   4       44 1106.6692  304.4892  0.10000  0.10000
   4       10  514.8508  215.4855  0.10000  0.10000
   4     1002  659.9688  208.9749  0.10000  0.10000
   4       89 1888.9250  205.8930  0.10000  0.10000
   4       28  808.8369  205.4286  0.10000  0.10000
   4       38  960.5330  202.5689  0.10000  0.10000
   4     1004 1735.8000  202.0153  0.10000  0.10000
   4       72 1581.1404  199.6815  0.10000  0.10000
   4       63 1425.4160  199.0600  0.10000  0.10000
   4       53 1269.6813  198.4461  0.10000  0.10000
   4       46 1114.3286  198.9235  0.10000  0.10000
   4       11  544.8392  119.8353  0.10000  0.10000
   4       19  685.2890  115.0302  0.10000  0.10000
   4       29  828.2468  110.4541  0.10000  0.10000
   4       88 1864.6231  108.5819  0.10000  0.10000
   4       80 1716.9555  105.8210  0.10000  0.10000
   4       39  973.5853  104.1331  0.10000  0.10000
   4       70 1568.5492  103.3157  0.10000  0.10000
   4       60 1419.3083  102.6931  0.10000  0.10000
   4       52 1270.1350  101.7829  0.10000  0.10000
   4       48 1121.3018  101.7501  0.10000  0.10000

   1    1        2 
   2    1        3 
   3    1        4 
   4    1        5 
   5    1        6 
   6    1        7 
   7    1        8 
   8    1        9 
   9    1       10 
  10    1       11 
  11    1       12 
  12    1       13 
  13    1       14 
  14    1       15 
  15    1     1001 
  16    1       16 
  17    1       17 
  18    1       18 
  19    1     1002 
  20    1       19 
  21    1       20 
  22    1       21 
  23    1       22 
  24    1       23 
  25    1       24 
  26    1       25 
  27    1       26 
  28    1       27 
  29    1       28 
  30    1       29 
  31    1       30 
  32    1       31 
  33    1       32 
  34    1       33 
  35    1       34 
  36    1       35 
  37    1       36 
  38    1       37 
  39    1       38 
  40    1       39 
  41    1       40 
  42    1       41 
  43    1       42 
  44    1       43 
  45    1       44 
  46    1       45 
  47    1       46 
  48    1       47 
  49    1       48 
  50    1       49 
  51    1       50 
  52    1       51 
  53    1       52 
  54    1       53 
  55    1       54 
  56    1       55 
  57    1       56 
  58    1       57 
  59    1       58 
  60    1       59 
  61    1       60 
  62    1       61 
  63    1       62 
  64    1       63 
  65    1       64 
  66    1       65 
  67    1       66 
  68    1       67 
  69    1       68 
  70    1       69 
  71    1       70 
  72    1       71 
  73    1       72 
  74    1       73 
  75    1       74 
  76    1       75 
  77    1       76 
  78    1       77 
  79    1       78 
  80    1       79 
  81    1       80 
  82    1     1004 
  83    1       81 
  84    1     1003 
  85    1       82 
  86    1       83 
  87    1       84 
  88    1       85 
  89    1       86 
  90    1       87 
  91    1       88 
  92    1       89 
  93    1       90 
  94    1       91 
  95    1       92 
  96    1       93 
  97    1       94 
  98    1       95 
  99    1       96 
 100    1       97 
 101    1      318 
 102    1      319 
 103    1      866 
 104    1     2095 
 105    1     2104 
 106    1     2342 
 107    1     2835 

   0    1
   0    2
   0    3
   0    4
   0    5
   0    6
   0    7
   0    8
   0    9
   0   10
   0   11
   0   12
   0   13
   0   14
   0   15
   0   16
   0   17
   0   18
   0   19
   0   20
   0   21
   0   22
   0   23
   0   24
   0   25
   0   26
   0   27
   0   28
   0   29
   0   30
   0   31
   0   32
   0   33
   0   34
   0   35
   0   36
   0   37
   0   38
   0   39
   0   40
   0   41
   0   42
   0   43
   0   44
   0   45
   0   46
   0   47
   0   48
   0   49
   0   50
   0   51
   0   52
   0   53
   0   54
   0   55
   0   56
   0   57
   0   58
   0   59
   0   60
   0   61
   0   62
   0   63
   0   64
   0   65
   0   66
   0   67
   0   68
   0   69
   0   70
   0   71
   0   72
   0   73
   0   74
   0   75
   0   76
   0   77
   0   78
   0   79
   0   80
   0   81
   0   82
   0   83
   0   84
   0   85
   0   86
   0   87
   0   88
   0   89
   0   90
   0   91
   0   92
   0   93
   0   94
   0   95
   0   96
   0   97
   0   98
   0   99
   0  100
   1    1
   1    2
   1    3
   1    4
   1    5
   1    6
   1    7
   1    8
   1    9
   1   10
   1   11
   1   12
   1   13
   1   14
   1   15
   1   16
   1   17
   1   18
   1   19
   1   20
   1   21
   1   22
   1   23
   1   24
   1   25
   1   26
   1   27
   1   28
   1   29
   1   30
   1   31
   1   32
   1   33
   1   34
   1   35
   1   36
   1   37
   1   38
   1   39
   1   40
   1   41
   1   42
   1   43
   1   44
   1   45
   1   46
   1   47
   1   48
   1   49
   1   50
   1   51
   1   52
   1   53
   1   54
   1   55
   1   56
   1   57
   1   58
   1   59
   1   60
   1   61
   1   62
   1   63
   1   64
   1   65
   1   66
   1   67
   1   68
   1   69
   1   70
   1   71
   1   72
   1   73
   1   74
   1   75
   1   76
   1   77
   1   78
   1   79
   1   80
   1   81
   1   82
   1   83
   1   84
   1   85
   1   86
   1   87
   1   88
   1   89
   1   90
   1   91
   1   92
   1   93
   1   94
   1   95
   1   96
   1   97
   1   98
   1   99
   1  100
   2    1
   2    2
   2    3
   2    4
   2    5
   2    6
   2    7
   2    8
   2    9
   2   10
   2   11
   2   12
   2   13
   2   14
   2   15
   2   16
   2   17
   2   18
   2   19
   2   20
   2   21
   2   22
   2   23
   2   24
   2   25
   2   26
   2   27
   2   28
   2   29
   2   30
   2   31
   2   32
   2   33
   2   34
   2   35
   2   36
   2   37
   2   38
   2   39
   2   40
   2   41
   2   42
   2   43
   2   44
   2   45
   2   46
   2   47
   2   48
   2   49
   2   50
   2   51
   2   52
   2   53
   2   54
   2   55
   2   56
   2   57
   2   58
   2   59
   2   60
   2   61
   2   62
   2   63
   2   64
   2   65
   2   66
   2   67
   2   68
   2   69
   2   70
   2   71
   2   72
   2   73
   2   74
   2   75
   2   76
   2   77
   2   78
   2   79
   2   80
   2   81
   2   82
   2   83
   2   84
   2   85
   2   86
   2   87
   2   88
   2   89
   2   90
   2   91
   2   92
   2   93
   2   94
   2   95
   2   96
   2   97
   2   98
   2   99
   2  100
   3    1
   3    2
   3    3
   3    4
   3    5
   3    6
   3    7
   3    8
   3    9
   3   11
   3   12
   3   13
   3   14
   3   15
   3   16
   3   17
   3   18
   3   19
   3   20
   3   21
   3   22
   3   23
   3   24
   3   25
   3   26
   3   27
   3   28
   3   29
   3   30
   3   31
   3   32
   3   33
   3   34
   3   35
   3   36
   3   37
   3   38
   3   39
   3   40
   3   41
   3   42
   3   43
   3   44
   3   45
   3   46
   3   47
   3   48
   3   49
   3   50
   3   51
   3   52
   3   53
   3   54
   3   55
   3   56
   3   57
   3   58
   3   59
   3   60
   3   61
   3   62
   3   63
   3   64
   3   65
   3   66
   3   67
   3   68
   3   69
   3   70
   3   71
   3   72
   3   73
   3   74
   3   75
   3   76
   3   77
   3   78
   3   79
   3   80
   3   81
   3   82
   3   84
   3   85
   3   86
   3   87
   3   88
   3   89
   3   90
   3   91
   3   92
   3   94
   3   95
   3   96
   3   97
   3   98
   3   99
   3  100
   3  101
   3  102
   4    1
   4    2
   4    3
   4    4
   4    5
   4    6
   4    7
   4    8
   4    9
   4   10
   4   11
   4   12
   4   13
   4   14
   4   15
   4   16
   4   17
   4   18
   4   19
   4   20
   4   21
   4   22
   4   23
   4   24
   4   25
   4   26
   4   27
   4   28
   4   29
   4   30
   4   31
   4   32
   4   33
   4   34
   4   35
   4   36
   4   37
   4   38
   4   39
   4   40
   4   41
   4   42
   4   43
   4   44
   4   45
   4   46
   4   47
   4   48
   4   49
   4   50
   4   51
   4   52
   4   53
   4   54
   4   55
   4   56
   4   57
   4   58
   4   59
   4   60
   4   61
   4   62
   4   63
   4   64
   4   65
   4   66
   4   67
   4   68
   4   69
   4   70
   4   71
   4   72
   4   73
   4   74
   4   75
   4   76
   4   77
   4   78
   4   79
   4   80
   4   81
   4   82
   4   83
   4   84
   4   85
   4   86
   4   87
   4   88
   4   89
   4   90
   4   91
   4   92
   4   93
   4   94
   4   95
   4   96
   4   97
   4   98
   4   99
   4  100
   5    1
   5    2
   5    4
   5    6
   5    8
   5    9
   5   10
   5   11
   5   12
   5   13
   5   14
   5   15
   5   16
   5   17
   5   18
   5   19
   5   20
   5   21
   5   22
   5   23
   5   24
   5   25
   5   26
   5   27
   5   28
   5   29
   5   30
   5   31
   5   32
   5   33
   5   34
   5   35
   5   36
   5   37
   5   38
   5   39
   5   40
   5   41
   5   42
   5   43
   5   44
   5   45
   5   46
   5   47
   5   48
   5   49
   5   50
   5   51
   5   52
   5   53
   5   54
   5   55
   5   56
   5   57
   5   58
   5   59
   5   60
   5   61
   5   62
   5   63
   5   64
   5   65
   5   66
   5   67
   5   68
   5   69
   5   70
   5   71
   5   72
   5   73
   5   74
   5   75
   5   76
   5   77
   5   78
   5   79
   5   80
   5   81
   5   82
   5   83
   5   84
   5   85
   5   86
   5   87
   5   88
   5   89
   5   90
   5   91
   5   92
   5   94
   5   96
   5   99
   5  100
   6    1
   6    2
   6    3
   6    4
   6    5
   6    6
   6    7
   6    8
   6    9
   6   10
   6   11
   6   12
   6   13
   6   14
   6   15
   6   16
   6   17
   6   18
   6   19
   6   20
   6   21
   6   22
   6   23
   6   24
   6   25
   6   26
   6   27
   6   28
   6   29
   6   30
   6   31
   6   32
   6   33
   6   34
   6   35
   6   36
   6   37
   6   38
   6   39
   6   40
   6   41
   6   42
   6   43
   6   44
   6   45
   6   46
   6   47
   6   48
   6   49
   6   50
   6   51
   6   52
   6   53
   6   54
   6   55
   6   56
   6   57
   6   58
   6   59
   6   60
   6   61
   6   62
   6   63
   6   64
   6   65
   6   66
   6   67
   6   68
   6   69
   6   70
   6   71
   6   72
   6   73
   6   74
   6   75
   6   76
   6   77
   6   78
   6   79
   6   80
   6   81
   6   82
   6   83
   6   84
   6   85
   6   86
   6   87
   6   88
   6   89
   6   90
   6   91
   6   92
   6   94
   6   95
   6   96
   6   97
   6   98
   6   99
   6  100
   7    1
   7    2
   7    3
   7    4
   7    5
   7    6
   7    8
   7    9
   7   10
   7   11
   7   12
   7   13
   7   14
   7   15
   7   16
   7   17
   7   18
   7   19
   7   20
   7   21
   7   22
   7   23
   7   24
   7   25
   7   26
   7   27
   7   28
   7   29
   7   30
   7   31
   7   32
   7   33
   7   34
   7   35
   7   36
   7   37
   7   38
   7   39
   7   40
   7   41
   7   42
   7   43
   7   44
   7   45
   7   46
   7   47
   7   48
   7   49
   7   50
   7   51
   7   52
   7   53
   7   54
   7   55
   7   56
   7   57
   7   58
   7   59
   7   60
   7   61
   7   62
   7   63
   7   64
   7   65
   7   66
   7   67
   7   68
   7   69
   7   70
   7   71
   7   72
   7   73
   7   74
   7   75
   7   76
   7   77
   7   78
   7   79
   7   80
   7   81
   7   82
   7   83
   7   84
   7   85
   7   86
   7   87
   7   88
   7   89
   7   90
   7   92
   7   93
   7   94
   7   95
   7   96
   7   97
   7   98
   7   99
   7  100
   8    1
   8    2
   8    3
   8    4
   8    5
   8    6
   8    7
   8    8
   8    9
   8   10
   8   11
   8   12
   8   13
   8   14
   8   15
   8   16
   8   17
   8   18
   8   19
   8   20
   8   21
   8   22
   8   23
   8   24
   8   25
   8   26
   8   27
   8   28
   8   29
   8   30
   8   31
   8   32
   8   33
   8   34
   8   35
   8   36
   8   37
   8   38
   8   39
   8   40
   8   41
   8   42
   8   43
   8   44
   8   45
   8   46
   8   47
   8   48
   8   49
   8   50
   8   51
   8   52
   8   53
   8   54
   8   55
   8   56
   8   57
   8   58
   8   59
   8   60
   8   61
   8   62
   8   63
   8   64
   8   65
   8   66
   8   67
   8   68
   8   69
   8   70
   8   71
   8   72
   8   73
   8   74
   8   75
   8   76
   8   77
   8   78
   8   79
   8   80
   8   81
   8   82
   8   83
   8   84
   8   85
   8   86
   8   87
   8   88
   8   89
   8   90
   8   91
   8   92
   8   93
   8   94
   8   95
   8   96
   8   97
   8   98
   8   99
   8  100
   8  103
   9    1
   9    2
   9    3
   9    4
   9    5
   9    6
   9    7
   9    8
   9    9
   9   10
   9   11
   9   12
   9   13
   9   14
   9   15
   9   16
   9   17
   9   18
   9   19
   9   20
   9   21
   9   22
   9   23
   9   24
   9   25
   9   26
   9   27
   9   28
   9   29
   9   30
   9   31
   9   32
   9   33
   9   34
   9   35
   9   36
   9   37
   9   38
   9   39
   9   40
   9   41
   9   42
   9   43
   9   44
   9   45
   9   46
   9   47
   9   48
   9   49
   9   50
   9   51
   9   52
   9   53
   9   54
   9   55
   9   56
   9   57
   9   58
   9   59
   9   60
   9   61
   9   62
   9   63
   9   64
   9   65
   9   66
   9   67
   9   68
   9   69
   9   70
   9   71
   9   73
   9   74
   9   75
   9   76
   9   77
   9   78
   9   79
   9   80
   9   82
   9   84
   9   85
   9   86
   9   87
   9   88
   9   89
   9   90
   9   92
   9   94
   9   95
   9   96
   9   97
   9   98
   9   99
   9  100
  10    1
  10    2
  10    3
  10    4
  10    5
  10    6
  10    7
  10    8
  10    9
  10   10
  10   11
  10   12
  10   13
  10   14
  10   15
  10   16
  10   17
  10   18
  10   19
  10   20
  10   21
  10   22
  10   23
  10   24
  10   25
  10   26
  10   27
  10   28
  10   29
  10   30
  10   31
  10   32
  10   33
  10   34
  10   35
  10   36
  10   37
  10   38
  10   39
  10   40
  10   41
  10   42
  10   43
  10   44
  10   45
  10   46
  10   47
  10   48
  10   49
  10   50
  10   51
  10   52
  10   53
  10   54
  10   55
  10   56
  10   57
  10   58
  10   59
  10   60
  10   61
  10   62
  10   63
  10   64
  10   65
  10   66
  10   67
  10   68
  10   69
  10   70
  10   71
  10   72
  10   73
  10   74
  10   75
  10   76
  10   77
  10   78
  10   79
  10   80
  10   81
  10   82
  10   83
  10   84
  10   85
  10   86
  10   87
  10   88
  10   89
  10   90
  10   91
  10   92
  10   93
  10   94
  10   95
  10   96
  10   97
  10   98
  10   99
  10  100
  11    1
  11    2
  11    3
  11    4
  11    5
  11    6
  11    7
  11    8
  11    9
  11   11
  11   12
  11   13
  11   14
  11   15
  11   16
  11   17
  11   18
  11   19
  11   20
  11   21
  11   22
  11   23
  11   24
  11   25
  11   26
  11   27
  11   28
  11   29
  11   30
  11   31
  11   32
  11   33
  11   34
  11   35
  11   36
  11   37
  11   38
  11   39
  11   40
  11   41
  11   42
  11   43
  11   44
  11   45
  11   46
  11   47
  11   48
  11   49
  11   50
  11   51
  11   52
  11   53
  11   54
  11   55
  11   56
  11   57
  11   58
  11   59
  11   60
  11   61
  11   62
  11   63
  11   64
  11   65
  11   66
  11   67
  11   68
  11   69
  11   70
  11   71
  11   72
  11   73
  11   74
  11   75
  11   76
  11   77
  11   78
  11   79
  11   80
  11   81
  11   82
  11   83
  11   84
  11   85
  11   86
  11   87
  11   88
  11   89
  11   90
  11   91
  11   92
  11   94
  11   96
  11   97
  11   98
  11   99
  11  100
  11  104
  11  105
  12    1
  12    2
  12    3
  12    4
  12    5
  12    6
  12    7
  12    8
  12    9
  12   10
  12   11
  12   12
  12   13
  12   14
  12   15
  12   16
  12   17
  12   18
  12   19
  12   20
  12   21
  12   22
  12   23
  12   24
  12   25
  12   26
  12   27
  12   28
  12   29
  12   30
  12   31
  12   32
  12   33
  12   34
  12   35
  12   36
  12   37
  12   38
  12   39
  12   40
  12   41
  12   42
  12   43
  12   44
  12   45
  12   46
  12   47
  12   48
  12   49
  12   50
  12   51
  12   52
  12   53
  12   54
  12   55
  12   56
  12   57
  12   58
  12   59
  12   60
  12   61
  12   62
  12   63
  12   64
  12   65
  12   66
  12   67
  12   68
  12   69
  12   70
  12   71
  12   72
  12   73
  12   74
  12   75
  12   76
  12   77
  12   78
  12   79
  12   80
  12   81
  12   82
  12   83
  12   84
  12   85
  12   86
  12   87
  12   88
  12   89
  12   90
  12   91
  12   92
  12   93
  12   94
  12   95
  12   96
  12   97
  12   98
  12   99
  12  100
  13    1
  13    2
  13    3
  13    4
  13    5
  13    6
  13    7
  13    8
  13    9
  13   11
  13   12
  13   13
  13   14
  13   15
  13   16
  13   17
  13   18
  13   19
  13   20
  13   21
  13   22
  13   23
  13   24
  13   25
  13   26
  13   27
  13   28
  13   29
  13   30
  13   31
  13   32
  13   33
  13   34
  13   35
  13   36
  13   37
  13   38
  13   39
  13   40
  13   41
  13   42
  13   43
  13   44
  13   45
  13   46
  13   47
  13   48
  13   49
  13   50
  13   51
  13   52
  13   53
  13   54
  13   55
  13   56
  13   57
  13   58
  13   59
  13   60
  13   61
  13   62
  13   63
  13   64
  13   65
  13   66
  13   67
  13   68
  13   69
  13   70
  13   71
  13   72
  13   73
  13   74
  13   75
  13   76
  13   77
  13   78
  13   79
  13   80
  13   81
  13   82
  13   83
  13   84
  13   85
  13   86
  13   87
  13   88
  13   89
  13   90
  13   92
  13   93
  13   94
  13   95
  13   96
  13   97
  13   98
  13   99
  13  100
  14    1
  14    2
  14    3
  14    4
  14    5
  14    6
  14    7
  14    8
  14    9
  14   10
  14   11
  14   12
  14   13
  14   14
  14   15
  14   16
  14   17
  14   18
  14   19
  14   20
  14   21
  14   22
  14   23
  14   24
  14   25
  14   26
  14   27
  14   28
  14   29
  14   30
  14   31
  14   32
  14   33
  14   34
  14   35
  14   36
  14   37
  14   38
  14   39
  14   40
  14   41
  14   42
  14   43
  14   44
  14   45
  14   46
  14   47
  14   48
  14   49
  14   50
  14   51
  14   52
  14   53
  14   54
  14   55
  14   56
  14   57
  14   58
  14   59
  14   60
  14   61
  14   62
  14   63
  14   64
  14   65
  14   66
  14   67
  14   68
  14   69
  14   70
  14   71
  14   72
  14   73
  14   74
  14   75
  14   76
  14   77
  14   78
  14   79
  14   80
  14   81
  14   82
  14   83
  14   84
  14   85
  14   86
  14   87
  14   88
  14   89
  14   90
  14   91
  14   92
  14   93
  14   94
  14   95
  14   96
  14   97
  14   98
  14   99
  14  100
  14  106
  15    1
  15    2
  15    3
  15    4
  15    5
  15    6
  15    8
  15    9
  15   10
  15   11
  15   12
  15   13
  15   14
  15   15
  15   16
  15   17
  15   18
  15   19
  15   20
  15   21
  15   22
  15   23
  15   24
  15   25
  15   26
  15   27
  15   28
  15   29
  15   30
  15   31
  15   32
  15   33
  15   34
  15   35
  15   36
  15   37
  15   38
  15   39
  15   40
  15   41
  15   42
  15   43
  15   44
  15   45
  15   46
  15   47
  15   48
  15   49
  15   50
  15   51
  15   52
  15   53
  15   54
  15   55
  15   56
  15   57
  15   58
  15   59
  15   60
  15   61
  15   62
  15   63
  15   64
  15   65
  15   66
  15   67
  15   68
  15   69
  15   70
  15   71
  15   72
  15   73
  15   74
  15   75
  15   76
  15   77
  15   78
  15   79
  15   80
  15   82
  15   83
  15   84
  15   85
  15   86
  15   87
  15   88
  15   89
  15   90
  15   92
  15   93
  15   94
  15   95
  15   96
  15   97
  15   98
  15   99
  15  100
  16    1
  16    2
  16    3
  16    4
  16    5
  16    6
  16    7
  16    8
  16    9
  16   10
  16   11
  16   12
  16   13
  16   14
  16   15
  16   16
  16   17
  16   18
  16   19
  16   20
  16   21
  16   22
  16   23
  16   24
  16   25
  16   26
  16   27
  16   28
  16   29
  16   30
  16   31
  16   32
  16   33
  16   34
  16   35
  16   36
  16   37
  16   38
  16   39
  16   40
  16   41
  16   42
  16   43
  16   44
  16   45
  16   46
  16   47
  16   48
  16   49
  16   50
  16   51
  16   52
  16   53
  16   54
  16   55
  16   56
  16   57
  16   58
  16   59
  16   60
  16   61
  16   62
  16   63
  16   64
  16   65
  16   66
  16   67
  16   68
  16   69
  16   70
  16   71
  16   72
  16   73
  16   74
  16   75
  16   76
  16   77
  16   78
  16   79
  16   80
  16   81
  16   82
  16   83
  16   84
  16   85
  16   86
  16   87
  16   88
  16   89
  16   90
  16   91
  16   92
  16   93
  16   94
  16   95
  16   96
  16   97
  16   98
  16   99
  16  100
  17    1
  17    2
  17    3
  17    4
  17    5
  17    6
  17    7
  17    8
  17    9
  17   10
  17   11
  17   12
  17   13
  17   14
  17   15
  17   16
  17   17
  17   18
  17   19
  17   20
  17   21
  17   22
  17   23
  17   24
  17   25
  17   26
  17   27
  17   28
  17   29
  17   30
  17   31
  17   32
  17   33
  17   34
  17   35
  17   36
  17   37
  17   38
  17   39
  17   40
  17   41
  17   42
  17   43
  17   44
  17   45
  17   46
  17   47
  17   48
  17   49
  17   50
  17   51
  17   52
  17   53
  17   54
  17   55
  17   56
  17   57
  17   58
  17   59
  17   60
  17   61
  17   62
  17   63
  17   64
  17   65
  17   66
  17   67
  17   68
  17   69
  17   70
  17   71
  17   72
  17   73
  17   74
  17   75
  17   76
  17   77
  17   78
  17   79
  17   80
  17   81
  17   82
  17   83
  17   84
  17   85
  17   86
  17   87
  17   88
  17   89
  17   90
  17   91
  17   92
  17   93
  17   94
  17   95
  17   96
  17   97
  17   98
  17   99
  17  100
  18    1
  18    2
  18    3
  18    4
  18    5
  18    6
  18    7
  18    8
  18    9
  18   10
  18   11
  18   12
  18   13
  18   14
  18   15
  18   16
  18   17
  18   18
  18   19
  18   20
  18   21
  18   22
  18   23
  18   24
  18   25
  18   26
  18   27
  18   28
  18   29
  18   30
  18   31
  18   32
  18   33
  18   34
  18   35
  18   36
  18   37
  18   38
  18   39
  18   40
  18   41
  18   42
  18   43
  18   44
  18   45
  18   46
  18   47
  18   48
  18   49
  18   50
  18   51
  18   52
  18   53
  18   54
  18   55
  18   56
  18   57
  18   58
  18   59
  18   60
  18   61
  18   62
  18   63
  18   64
  18   65
  18   66
  18   67
  18   68
  18   69
  18   70
  18   71
  18   72
  18   73
  18   74
  18   75
  18   76
  18   77
  18   78
  18   79
  18   80
  18   81
  18   82
  18   83
  18   84
  18   85
  18   86
  18   87
  18   88
  18   89
  18   90
  18   91
  18   92
  18   93
  18   94
  18   95
  18   96
  18   97
  18   98
  18   99
  18  100
  19    1
  19    2
  19    3
  19    4
  19    5
  19    6
  19    7
  19    8
  19    9
  19   10
  19   11
  19   12
  19   13
  19   14
  19   15
  19   16
  19   17
  19   18
  19   19
  19   20
  19   21
  19   22
  19   23
  19   24
  19   25
  19   26
  19   27
  19   28
  19   29
  19   30
  19   31
  19   32
  19   33
  19   34
  19   35
  19   36
  19   37
  19   38
  19   39
  19   40
  19   41
  19   42
  19   43
  19   44
  19   45
  19   46
  19   47
  19   48
  19   49
  19   50
  19   51
  19   52
  19   53
  19   54
  19   55
  19   56
  19   57
  19   58
  19   59
  19   60
  19   61
  19   62
  19   63
  19   64
  19   65
  19   66
  19   67
  19   68
  19   69
  19   70
  19   71
  19   72
  19   73
  19   74
  19   75
  19   76
  19   77
  19   78
  19   79
  19   80
  19   81
  19   82
  19   83
  19   84
  19   85
  19   86
  19   87
  19   88
  19   89
  19   90
  19   91
  19   92
  19   93
  19   94
  19   95
  19   96
  19   97
  19   98
  19   99
  19  100
  19  107
  20    1
  20    2
  20    3
  20    4
  20    5
  20    6
  20    7
  20    8
  20    9
  20   10
  20   11
  20   12
  20   13
  20   14
  20   15
  20   16
  20   17
  20   18
  20   19
  20   20
  20   21
  20   22
  20   23
  20   24
  20   25
  20   26
  20   27
  20   28
  20   29
  20   30
  20   31
  20   32
  20   33
  20   34
  20   35
  20   36
  20   37
  20   38
  20   39
  20   40
  20   41
  20   42
  20   43
  20   44
  20   45
  20   46
  20   47
  20   48
  20   49
  20   50
  20   51
  20   52
  20   53
  20   54
  20   55
  20   56
  20   57
  20   58
  20   59
  20   60
  20   61
  20   62
  20   63
  20   64
  20   65
  20   66
  20   67
  20   68
  20   69
  20   70
  20   71
  20   72
  20   73
  20   74
  20   75
  20   76
  20   77
  20   78
  20   79
  20   80
  20   81
  20   82
  20   83
  20   84
  20   85
  20   86
  20   87
  20   88
  20   89
  20   90
  20   91
  20   92
  20   93
  20   94
  20   95
  20   96
  20   97
  20   98
  20   99
  20  100

