0.00933 
0.0084 
0.00303 
0.000171 
0.000196 
0.000215 
0.00887 
0.00956 
0.00319 
0.000205 
0.000234 
0.000254 
0.0116 
0.00831 
0.00592 
0.000207 
0.000197 
0.000255 
0.00972 
0.00987 
0.00515 
0.000215 
0.000217 
0.000269 
0.0104 
0.00949 
0.00572 
0.000173 
0.000159 
0.0002 
0.0112 
0.00892 
0.00633 
0.000189 
0.00017 
0.000221 
0.00941 
0.00963 
0.00491 
0.00017 
0.000173 
0.00022 
0.0114 
0.00835 
0.00591 
0.000233 
0.000224 
0.000288 
0.00943 
0.00856 
0.00273 
0.000178 
0.000182 
0.000216 
0.00917 
0.00955 
0.0029 
0.000193 
0.000206 
0.000236 
0.0117 
0.00833 
0.00642 
0.00021 
0.000198 
0.000254 
0.00994 
0.0104 
0.00543 
0.000219 
0.000217 
0.000277 
0.0104 
0.00951 
0.0055 
0.00018 
0.000166 
0.000206 
0.0114 
0.00903 
0.00632 
0.000209 
0.000194 
0.000238 
0.00958 
0.00983 
0.00509 
0.000194 
0.000196 
0.00025 
0.0113 
0.00834 
0.0058 
0.000219 
0.000208 
0.000275 
0.0108 
0.0105 
0.00218 
0.000316 
0.000303 
0.000263 
0.0105 
0.0101 
0.00208 
0.000288 
0.000308 
0.00025 
0.0102 
0.0102 
0.00205 
0.000296 
0.000299 
0.000227 
0.0103 
0.0113 
0.00219 
0.000351 
0.00029 
0.000258 
0.0102 
0.0112 
0.00224 
0.000346 
0.000278 
0.000261 
