0.009 
0.008 
0.003 
1.7e-004 
2.0e-004 
2.2e-004 
0.009 
0.010 
0.003 
2.1e-004 
2.3e-004 
2.5e-004 
0.012 
0.008 
0.006 
2.1e-004 
2.0e-004 
2.6e-004 
0.010 
0.010 
0.005 
2.2e-004 
2.2e-004 
2.7e-004 
0.010 
0.010 
0.006 
1.7e-004 
1.6e-004 
2.0e-004 
0.011 
0.009 
0.006 
1.9e-004 
1.7e-004 
2.2e-004 
0.009 
0.010 
0.005 
1.7e-004 
1.7e-004 
2.2e-004 
0.011 
0.008 
0.006 
2.3e-004 
2.2e-004 
2.9e-004 
0.009 
0.009 
0.003 
1.8e-004 
1.8e-004 
2.2e-004 
0.009 
0.010 
0.003 
1.9e-004 
2.1e-004 
2.4e-004 
0.012 
0.008 
0.006 
2.1e-004 
2.0e-004 
2.5e-004 
0.010 
0.010 
0.005 
2.2e-004 
2.2e-004 
2.8e-004 
0.010 
0.010 
0.006 
1.8e-004 
1.7e-004 
2.1e-004 
0.011 
0.009 
0.006 
2.1e-004 
1.9e-004 
2.4e-004 
0.010 
0.010 
0.005 
1.9e-004 
2.0e-004 
2.5e-004 
0.011 
0.008 
0.006 
2.2e-004 
2.1e-004 
2.8e-004 
0.011 
0.011 
0.002 
3.2e-004 
3.0e-004 
2.6e-004 
0.011 
0.010 
0.002 
2.9e-004 
3.1e-004 
2.5e-004 
0.010 
0.010 
0.002 
3.0e-004 
3.0e-004 
2.3e-004 
0.010 
0.011 
0.002 
3.5e-004 
2.9e-004 
2.6e-004 
0.010 
0.011 
0.002 
3.5e-004 
2.8e-004 
2.6e-004 
