-39.433864 
-1.177893 
-179.839443 
0.454884 
1.794190 
1.469732 
-39.769018 
-1.853751 
-90.121783 
0.470385 
2.027813 
1.639209 
-27.247933 
-28.567485 
-141.850650 
-0.644791 
1.466704 
1.582025 
-28.561458 
-30.341409 
-49.785809 
-0.644079 
1.491435 
1.637452 
4.376865 
-34.675239 
-87.139732 
-0.671077 
0.417369 
1.410905 
2.101651 
-34.022129 
1.512724 
-0.713944 
0.476453 
1.465268 
27.349051 
-28.308340 
-44.207618 
-0.534981 
-0.349742 
1.404246 
26.932722 
-28.126839 
44.870930 
-0.719335 
-0.466826 
1.715624 
30.395079 
0.189780 
0.084116 
0.524982 
-0.543564 
1.534740 
31.013305 
1.735663 
89.539917 
0.554116 
-0.593650 
1.617560 
27.642820 
30.754206 
42.331112 
1.770481 
-0.425470 
1.553077 
24.647488 
30.245005 
133.206059 
1.865244 
-0.481254 
1.614675 
0.528501 
33.155924 
88.703241 
1.630947 
0.497613 
1.472090 
-1.745199 
33.641107 
-179.794165 
1.797234 
0.525297 
1.598764 
-30.768792 
28.179926 
138.431383 
1.672000 
1.554826 
1.501889 
-29.893011 
26.973235 
-134.628770 
1.694405 
1.619722 
1.590603 
-8.527176 
-0.515901 
179.396018 
0.424426 
0.822977 
1.972829 
-4.785068 
0.674281 
88.786198 
0.482039 
0.927081 
1.885929 
-4.407098 
-0.409803 
88.244319 
0.461726 
0.578787 
1.876020 
-7.616855 
-1.552338 
179.949266 
0.701795 
0.782602 
1.926753 
-8.712147 
1.054233 
177.385260 
0.268785 
0.821585 
1.906251 
