0.00482 
0.00484 
0.00302 
0.00017 
0.000123 
0.000139 
0.00516 
0.0052 
0.00318 
0.000205 
0.000144 
0.000177 
0.00582 
0.00496 
0.0033 
0.000156 
0.000165 
0.000181 
0.00615 
0.00524 
0.00354 
0.000169 
0.000176 
0.000196 
0.00585 
0.00466 
0.0029 
0.000116 
0.000156 
0.000123 
0.00601 
0.00515 
0.00297 
0.000127 
0.000167 
0.000148 
0.00544 
0.00458 
0.00318 
0.00013 
0.00014 
0.000149 
0.0063 
0.00534 
0.00355 
0.000177 
0.000194 
0.000206 
0.00507 
0.00526 
0.00272 
0.000175 
0.000137 
0.000123 
0.00567 
0.0055 
0.00289 
0.000192 
0.000156 
0.000151 
0.00588 
0.00482 
0.00352 
0.00015 
0.000167 
0.000183 
0.00611 
0.00509 
0.00352 
0.000162 
0.000183 
0.000205 
0.00598 
0.00485 
0.00283 
0.000126 
0.000165 
0.000125 
0.00634 
0.00525 
0.0031 
0.000143 
0.000191 
0.000158 
0.00556 
0.00473 
0.00337 
0.000149 
0.000152 
0.000179 
0.0058 
0.00509 
0.00343 
0.000166 
0.000168 
0.000201 
0.00807 
0.00822 
0.00217 
0.000299 
0.000288 
9.53e-05 
0.00722 
0.00739 
0.00203 
0.000259 
0.000245 
0.0001 
0.00773 
0.00774 
0.00204 
0.000267 
0.000266 
6.75e-05 
0.00762 
0.00775 
0.00214 
0.000274 
0.000268 
9.43e-05 
0.00741 
0.00755 
0.00216 
0.000265 
0.000258 
9.85e-05 
