-39.433601 
-1.177697 
-179.839435 
-0.045116 
1.294186 
1.469723 
-39.769203 
-1.853445 
-90.121788 
-0.029615 
1.527807 
1.639201 
-27.247787 
-28.567132 
-141.850585 
-1.144787 
0.966700 
1.582018 
-28.561865 
-30.341297 
-49.786013 
-1.144074 
0.991431 
1.637445 
4.376695 
-34.674907 
-87.139856 
-1.171071 
-0.082633 
1.410898 
2.101348 
-34.022236 
1.512530 
-1.213936 
-0.023549 
1.465263 
27.348719 
-28.308218 
-44.207804 
-1.034975 
-0.849741 
1.404238 
26.932682 
-28.127145 
44.870889 
-1.219329 
-0.966824 
1.715617 
30.394805 
0.189607 
0.084110 
0.024983 
-1.043560 
1.534731 
31.013492 
1.735371 
89.539903 
0.054117 
-1.093646 
1.617552 
27.642722 
30.753830 
42.331167 
1.270476 
-0.925467 
1.553070 
24.647876 
30.244847 
133.205855 
1.365237 
-0.981250 
1.614669 
0.528679 
33.155590 
88.703134 
1.130941 
-0.002386 
1.472082 
-1.744878 
33.641214 
-179.794360 
1.297227 
0.025298 
1.598759 
-30.768445 
28.179821 
138.431193 
1.171994 
1.054824 
1.501881 
-29.892946 
26.973550 
-134.628818 
1.194398 
1.119718 
1.590595 
-8.526966 
-0.515718 
179.396023 
-0.075574 
0.322979 
1.972818 
-4.784662 
0.674149 
88.786216 
-0.017955 
0.427073 
1.885920 
-4.407194 
-0.409957 
88.244324 
-0.038268 
0.078796 
1.876008 
-7.616729 
-1.552675 
179.949231 
0.201777 
0.282607 
1.926742 
-8.711978 
1.054723 
177.385290 
-0.231204 
0.321589 
1.906241 
