-39.433774 
-1.177898 
-179.839430 
-0.045116 
1.294190 
1.469731 
-39.768996 
-1.853618 
-90.121770 
-0.029614 
1.527812 
1.639208 
-27.247799 
-28.567411 
-141.850579 
-1.144790 
0.966703 
1.582026 
-28.561495 
-30.341275 
-49.785819 
-1.144077 
0.991435 
1.637452 
4.376933 
-34.675104 
-87.139700 
-1.171076 
-0.082632 
1.410905 
2.101547 
-34.022066 
1.512661 
-1.213942 
-0.023548 
1.465269 
27.349022 
-28.308224 
-44.207639 
-1.034980 
-0.849743 
1.404245 
26.932642 
-28.126874 
44.870885 
-1.219334 
-0.966826 
1.715623 
30.394997 
0.189793 
0.084121 
0.024982 
-1.043564 
1.534739 
31.013302 
1.735532 
89.539923 
0.054115 
-1.093651 
1.617559 
27.642695 
30.754133 
42.331182 
1.270480 
-0.925469 
1.553077 
24.647547 
30.244875 
133.206033 
1.365243 
-0.981254 
1.614675 
0.528432 
33.155800 
88.703278 
1.130946 
-0.002386 
1.472090 
-1.745091 
33.641054 
-179.794226 
1.297234 
0.025297 
1.598765 
-30.768752 
28.179824 
138.431363 
1.171999 
1.054826 
1.501888 
-29.892923 
26.973288 
-134.628809 
1.194404 
1.119722 
1.590601 
-8.527070 
-0.515900 
179.396025 
-0.075573 
0.322977 
1.972828 
-4.785099 
0.674206 
88.786206 
-0.017960 
0.427081 
1.885928 
-4.407138 
-0.409897 
88.244320 
-0.038273 
0.078787 
1.876019 
-7.616776 
-1.552386 
179.949266 
0.201794 
0.282603 
1.926752 
-8.712037 
1.054267 
177.385273 
-0.231212 
0.321585 
1.906251 
