Bundle Soln 
 0.000500 20 8858 12996
 1.00000  0.10000 10.00000 100.00000 100.00000 100.00000 20.00000 20.00000 20.00000
123.9392 26.5770 38.8110 53.14800 77.97600 0.00000 0.00000 0.00000 0.00000 0.00000
 0.00000  0.05315  0.07798 0.500000 0.500000 0.001000 0.000100 0.000100 0.001000 0.001000
   0 data/prague2016/sxb/images/8811.jpg
   0 -118.649  109.132 1776.753  -89.916   -0.419    0.791
   0   0.9218   1.3244   0.1693   0.0048   0.0289   0.0422

   0 123.939  26.577  38.811 53.14800 77.97600 0.00000 0.00000 0.00000 0.00000 0.00000
   0  0.00000  0.05315  0.07798 0.500000 0.500000 0.001000 0.000100 0.000100 0.001000 0.001000
   1 data/prague2016/sxb/images/8936.jpg
   1  281.740  364.543 1776.530   92.625   -0.022   -0.114
   1   0.7704   1.4640   0.2047   0.0045   0.0238   0.0469

   1 123.939  26.577  38.811 53.14800 77.97600 0.00000 0.00000 0.00000 0.00000 0.00000
   1  0.00000  0.05315  0.07798 0.500000 0.500000 0.001000 0.000100 0.000100 0.001000 0.001000
   2 data/prague2016/sxb/images/8937.jpg
   2  296.684  157.098 1770.581   94.402   -0.030   -0.167
   2   0.7180   1.1443   0.1081   0.0035   0.0223   0.0366

   2 123.939  26.577  38.811 53.14800 77.97600 0.00000 0.00000 0.00000 0.00000 0.00000
   2  0.00000  0.05315  0.07798 0.500000 0.500000 0.001000 0.000100 0.000100 0.001000 0.001000
   3 data/prague2016/sxb/images/8938.jpg
   3  314.147  -60.478 1767.096   96.145    0.121   -0.114
   3   0.8861   3.2154   0.2365   0.0042   0.0276   0.1037

   3 123.939  26.577  38.811 53.14800 77.97600 0.00000 0.00000 0.00000 0.00000 0.00000
   3  0.00000  0.05315  0.07798 0.500000 0.500000 0.001000 0.000100 0.000100 0.001000 0.001000
   4 data/prague2016/sxb/images/9111.jpg
   4  704.567  110.519 1797.073  -92.545   -0.174    0.507
   4   1.8395   1.2500   0.4092   0.0054   0.0583   0.0391

   4 123.939  26.577  38.811 53.14800 77.97600 0.00000 0.00000 0.00000 0.00000 0.00000
   4  0.00000  0.05315  0.07798 0.500000 0.500000 0.001000 0.000100 0.000100 0.001000 0.001000

     317 -174.92195   83.83829   -0.38522   0.018165   0.018040   0.038075
     333  354.98389  330.58235   -1.82318   0.018477   0.018189   0.038496
     347  680.82349  505.23103   -0.38029   0.018726   0.018646   0.038340
     351  771.77874   14.69368    0.03321   0.018263   0.018145   0.038229
     375 -160.45822  110.23689   -0.86698   0.018338   0.018249   0.038229
     403 -608.83318  431.95679   -0.19130   0.019247   0.019185   0.038606
     410  194.93253  216.27840   -0.12119   0.018353   0.018199   0.038274
     422  347.24758  -81.49554   -1.28893   0.018014   0.017842   0.038217
     428  192.44408 -216.03879   -0.29041   0.018472   0.018405   0.038256
     492 -172.59321   81.76368   -0.71628   0.018453   0.018360   0.038077
     552  795.55892   -2.40057   -0.19361   0.018479   0.018407   0.038287
     563  387.28357  413.69652   -1.07146   0.018343   0.018178   0.038391
     590  201.48060 -209.52396   -0.43177   0.018680   0.018613   0.038347
     607  722.96791  365.29925   -0.18527   0.018279   0.018342   0.038208
     634  662.39949  416.48997   -0.07737   0.018577   0.018513   0.038297
     651  579.95174  169.15902   -0.67463   0.017906   0.017828   0.038282

     317 -174.92195   83.83829   -0.38522   0.018165   0.018040   0.038075
     333  354.98389  330.58235   -1.82318   0.018477   0.018189   0.038496
     347  680.82349  505.23103   -0.38029   0.018726   0.018646   0.038340
     351  771.77874   14.69368    0.03321   0.018263   0.018145   0.038229
     375 -160.45822  110.23689   -0.86698   0.018338   0.018249   0.038229
     403 -608.83318  431.95679   -0.19130   0.019247   0.019185   0.038606
     410  194.93253  216.27840   -0.12119   0.018353   0.018199   0.038274
     422  347.24758  -81.49554   -1.28893   0.018014   0.017842   0.038217
     428  192.44408 -216.03879   -0.29041   0.018472   0.018405   0.038256
     492 -172.59321   81.76368   -0.71628   0.018453   0.018360   0.038077
     552  795.55892   -2.40057   -0.19361   0.018479   0.018407   0.038287
     563  387.28357  413.69652   -1.07146   0.018343   0.018178   0.038391
     590  201.48060 -209.52396   -0.43177   0.018680   0.018613   0.038347
     607  722.96791  365.29925   -0.18527   0.018279   0.018342   0.038208
     634  662.39949  416.48997   -0.07737   0.018577   0.018513   0.038297
     651  579.95174  169.15902   -0.67463   0.017906   0.017828   0.038282
     745  227.85194  384.03959   20.36831   0.051913   0.056765   0.298106

   0      333 2158.2500 1135.5000  1.00000  1.00000
   0      410 3478.1358 2979.2802  1.00000  1.00000
   0      422 6936.8000 1211.3865  1.00000  1.00000
   0      428 8503.6000 3004.5772  1.00000  1.00000
   0      375 4700.3506 7105.9468  1.00000  1.00000
   0      317 5007.6667 7275.6667  1.00000  1.00000
   0      403  955.1383 12311.1660  1.00000  1.00000
   0      745 1498.0000 2554.5993  1.00000  1.00000
   1      492 1431.0000 1037.0000  1.00000  1.00000
   1      317 1453.6667 1012.3333  1.00000  1.00000
   1      333 4039.0000 7293.3333  1.00000  1.00000
   1      563 4984.0000 7714.3333  1.00000  1.00000
   1      651 2043.7778 9819.7069  1.00000  1.00000
   1      351  148.6667 11965.6667  1.00000  1.00000
   1      607 4245.3951 11587.6550  1.00000  1.00000
   1      634 4870.8049 10911.3411  1.00000  1.00000
   1      347 5892.0519 11172.1777  1.00000  1.00000
   1      745 4729.3989 5840.1319  1.00000  1.00000
   2      317 4060.0000  912.3333  1.00000  1.00000
   2      492 4034.3333  937.3333  1.00000  1.00000
   2      375 4354.7975 1106.0428  1.00000  1.00000
   2      422 1672.0000 6836.0000  1.00000  1.00000
   2      333 6455.6593 7294.8080  1.00000  1.00000
   2      563 7392.6000 7745.8755  1.00000  1.00000
   2      651 4377.0395 9766.5071  1.00000  1.00000
   2      351 2409.1556 11859.1323  1.00000  1.00000
   2      552 2189.3802 12119.3787  1.00000  1.00000
   2      607 6530.8988 11607.8742  1.00000  1.00000
   2      634 7180.1704 10949.7925  1.00000  1.00000
   2      347 8197.3333 11243.6667  1.00000  1.00000
   2      745 7224.4840 5858.2750  1.00000  1.00000
   3      317 6751.9119 1015.9611  1.00000  1.00000
   3      492 6726.4347 1040.1297  1.00000  1.00000
   3      375 7042.5000 1218.8872  1.00000  1.00000
   3      428 2811.5000 4908.7134  1.00000  1.00000
   3      590 2876.5000 5020.1089  1.00000  1.00000
   3      410 7829.6064 5477.0000  1.00000  1.00000
   3      422 4180.5122 6874.6667  1.00000  1.00000
   3      651 6803.0851 9893.6667  1.00000  1.00000
   3      351 4767.0000 11933.7743  1.00000  1.00000
   3      552 4537.7295 12186.4202  1.00000  1.00000
   4      607 1684.0000 6440.8132  1.00000  1.00000
   4      563 1300.7447 10316.1064  1.00000  1.00000
   4      410 3661.4468 12430.6667  1.00000  1.00000
   4      651 4005.5167 7983.6667  1.00000  1.00000
   4      422 7002.7356 10531.3333  1.00000  1.00000
   4      428 8635.4377 12250.7393  1.00000  1.00000
   4      590 8556.0000 12150.2853  1.00000  1.00000
   4      351 5681.0000 5699.7756  1.00000  1.00000
   4      552 5865.9301 5420.7601  1.00000  1.00000
   4      745 1686.2747 12198.8175  1.00000  1.00000

   1    1      317 
   2    1      333 
   3    1      347 
   4    1      351 
   5    1      375 
   6    1      403 
   7    1      410 
   8    1      422 
   9    1      428 
  10    1      492 
  11    1      552 
  12    1      563 
  13    1      590 
  14    1      607 
  15    1      634 
  16    1      651 
  17    1      745 

   0    1
   0    2
   0    5
   0    6
   0    7
   0    8
   0    9
   0   17
   1    1
   1    2
   1    3
   1    4
   1   10
   1   12
   1   14
   1   15
   1   16
   1   17
   2    1
   2    2
   2    3
   2    4
   2    5
   2    8
   2   10
   2   11
   2   12
   2   14
   2   15
   2   16
   2   17
   3    1
   3    4
   3    5
   3    7
   3    8
   3    9
   3   10
   3   11
   3   13
   3   16
   4    4
   4    7
   4    8
   4    9
   4   11
   4   12
   4   13
   4   14
   4   16
   4   17

