Bundle Soln 
 0.000500 20 8858 12996
 1.00000  0.10000 10.00000 100.00000 100.00000 100.00000 20.00000 20.00000 20.00000
123.9392 26.5770 38.8110 53.14800 77.97600 0.00000 0.00000 0.00000 0.00000 0.00000
 0.00000  0.05315  0.07798 0.500000 0.500000 0.001000 0.000100 0.000100 0.001000 0.001000
   0 data/prague2016/sxb/images/8811.jpg
   0 -118.540  109.251 1776.741  -89.916   -0.416    0.787
   0   0.8695   1.2381   0.1564   0.0045   0.0272   0.0394

   0 123.939  26.577  38.811 53.14800 77.97600 0.00000 0.00000 0.00000 0.00000 0.00000
   0  0.00000  0.05315  0.07798 0.500000 0.500000 0.001000 0.000100 0.000100 0.001000 0.001000
   1 data/prague2016/sxb/images/8936.jpg
   1  281.942  365.121 1776.487   92.624   -0.016   -0.132
   1   0.7867   1.4477   0.1991   0.0043   0.0241   0.0463

   1 123.939  26.577  38.811 53.14800 77.97600 0.00000 0.00000 0.00000 0.00000 0.00000
   1  0.00000  0.05315  0.07798 0.500000 0.500000 0.001000 0.000100 0.000100 0.001000 0.001000
   2 data/prague2016/sxb/images/8937.jpg
   2  296.923  157.313 1770.589   94.402   -0.023   -0.173
   2   0.6981   1.0599   0.1000   0.0032   0.0216   0.0339

   2 123.939  26.577  38.811 53.14800 77.97600 0.00000 0.00000 0.00000 0.00000 0.00000
   2  0.00000  0.05315  0.07798 0.500000 0.500000 0.001000 0.000100 0.000100 0.001000 0.001000
   3 data/prague2016/sxb/images/8938.jpg
   3  314.203  -60.136 1767.117   96.145    0.123   -0.125
   3   0.8134   2.9501   0.2165   0.0039   0.0254   0.0951

   3 123.939  26.577  38.811 53.14800 77.97600 0.00000 0.00000 0.00000 0.00000 0.00000
   3  0.00000  0.05315  0.07798 0.500000 0.500000 0.001000 0.000100 0.000100 0.001000 0.001000
   4 data/prague2016/sxb/images/9111.jpg
   4  704.294  110.352 1797.116  -92.543   -0.182    0.512
   4   1.7456   1.2228   0.3773   0.0051   0.0553   0.0383

   4 123.939  26.577  38.811 53.14800 77.97600 0.00000 0.00000 0.00000 0.00000 0.00000
   4  0.00000  0.05315  0.07798 0.500000 0.500000 0.001000 0.000100 0.000100 0.001000 0.001000

     317 -174.91966   83.82819   -0.39010   0.016678   0.016564   0.034945
     333  354.97705  330.59483   -1.82551   0.016978   0.016718   0.035348
     347  680.82262  505.23121   -0.38022   0.017191   0.017131   0.035192
     351  771.79175   14.69803    0.03757   0.016764   0.016658   0.035089
     375 -160.45237  110.24607   -0.87104   0.016840   0.016756   0.035086
     403 -608.83386  431.95597   -0.19114   0.017666   0.017612   0.035433
     410  194.93711  216.25644   -0.12825   0.016909   0.016726   0.035149
     422  347.25357  -81.49375   -1.28585   0.016552   0.016380   0.035079
     428  192.44753 -216.02928   -0.29821   0.016960   0.016895   0.035111
     492 -172.60846   81.76915   -0.70281   0.016940   0.016860   0.034946
     552  795.55301   -2.40412   -0.19724   0.016961   0.016896   0.035139
     563  387.28412  413.68773   -1.06897   0.016844   0.016707   0.035256
     590  201.47277 -209.52023   -0.42784   0.017148   0.017085   0.035194
     607  722.97238  365.30233   -0.18362   0.016794   0.016838   0.035068
     634  662.39940  416.48417   -0.07962   0.017051   0.016996   0.035149
     651  579.94903  169.16026   -0.67182   0.016445   0.016365   0.035136

     317 -174.91966   83.82819   -0.39010   0.016678   0.016564   0.034945
     333  354.97705  330.59483   -1.82551   0.016978   0.016718   0.035348
     347  680.82262  505.23121   -0.38022   0.017191   0.017131   0.035192
     351  771.79175   14.69803    0.03757   0.016764   0.016658   0.035089
     375 -160.45237  110.24607   -0.87104   0.016840   0.016756   0.035086
     403 -608.83386  431.95597   -0.19114   0.017666   0.017612   0.035433
     410  194.93711  216.25644   -0.12825   0.016909   0.016726   0.035149
     422  347.25357  -81.49375   -1.28585   0.016552   0.016380   0.035079
     428  192.44753 -216.02928   -0.29821   0.016960   0.016895   0.035111
     492 -172.60846   81.76915   -0.70281   0.016940   0.016860   0.034946
     552  795.55301   -2.40412   -0.19724   0.016961   0.016896   0.035139
     563  387.28412  413.68773   -1.06897   0.016844   0.016707   0.035256
     590  201.47277 -209.52023   -0.42784   0.017148   0.017085   0.035194
     607  722.97238  365.30233   -0.18362   0.016794   0.016838   0.035068
     634  662.39940  416.48417   -0.07962   0.017051   0.016996   0.035149
     651  579.94903  169.16026   -0.67182   0.016445   0.016365   0.035136

   0      333 2158.2500 1135.5000  1.00000  1.00000
   0      410 3478.1358 2979.2802  1.00000  1.00000
   0      422 6936.8000 1211.3865  1.00000  1.00000
   0      428 8503.6000 3004.5772  1.00000  1.00000
   0      375 4700.3506 7105.9468  1.00000  1.00000
   0      317 5007.6667 7275.6667  1.00000  1.00000
   0      403  955.1383 12311.1660  1.00000  1.00000
   1      492 1431.0000 1037.0000  1.00000  1.00000
   1      317 1453.6667 1012.3333  1.00000  1.00000
   1      333 4039.0000 7293.3333  1.00000  1.00000
   1      563 4984.0000 7714.3333  1.00000  1.00000
   1      651 2043.7778 9819.7069  1.00000  1.00000
   1      351  148.6667 11965.6667  1.00000  1.00000
   1      607 4245.3951 11587.6550  1.00000  1.00000
   1      634 4870.8049 10911.3411  1.00000  1.00000
   1      347 5892.0519 11172.1777  1.00000  1.00000
   2      317 4060.0000  912.3333  1.00000  1.00000
   2      492 4034.3333  937.3333  1.00000  1.00000
   2      375 4354.7975 1106.0428  1.00000  1.00000
   2      422 1672.0000 6836.0000  1.00000  1.00000
   2      333 6455.6593 7294.8080  1.00000  1.00000
   2      563 7392.6000 7745.8755  1.00000  1.00000
   2      651 4377.0395 9766.5071  1.00000  1.00000
   2      351 2409.1556 11859.1323  1.00000  1.00000
   2      552 2189.3802 12119.3787  1.00000  1.00000
   2      607 6530.8988 11607.8742  1.00000  1.00000
   2      634 7180.1704 10949.7925  1.00000  1.00000
   2      347 8197.3333 11243.6667  1.00000  1.00000
   3      317 6751.9119 1015.9611  1.00000  1.00000
   3      492 6726.4347 1040.1297  1.00000  1.00000
   3      375 7042.5000 1218.8872  1.00000  1.00000
   3      428 2811.5000 4908.7134  1.00000  1.00000
   3      590 2876.5000 5020.1089  1.00000  1.00000
   3      410 7829.6064 5477.0000  1.00000  1.00000
   3      422 4180.5122 6874.6667  1.00000  1.00000
   3      651 6803.0851 9893.6667  1.00000  1.00000
   3      351 4767.0000 11933.7743  1.00000  1.00000
   3      552 4537.7295 12186.4202  1.00000  1.00000
   4      607 1684.0000 6440.8132  1.00000  1.00000
   4      563 1300.7447 10316.1064  1.00000  1.00000
   4      410 3661.4468 12430.6667  1.00000  1.00000
   4      651 4005.5167 7983.6667  1.00000  1.00000
   4      422 7002.7356 10531.3333  1.00000  1.00000
   4      428 8635.4377 12250.7393  1.00000  1.00000
   4      590 8556.0000 12150.2853  1.00000  1.00000
   4      351 5681.0000 5699.7756  1.00000  1.00000
   4      552 5865.9301 5420.7601  1.00000  1.00000

   1    1      317 
   2    1      333 
   3    1      347 
   4    1      351 
   5    1      375 
   6    1      403 
   7    1      410 
   8    1      422 
   9    1      428 
  10    1      492 
  11    1      552 
  12    1      563 
  13    1      590 
  14    1      607 
  15    1      634 
  16    1      651 

   0    1
   0    2
   0    5
   0    6
   0    7
   0    8
   0    9
   1    1
   1    2
   1    3
   1    4
   1   10
   1   12
   1   14
   1   15
   1   16
   2    1
   2    2
   2    3
   2    4
   2    5
   2    8
   2   10
   2   11
   2   12
   2   14
   2   15
   2   16
   3    1
   3    4
   3    5
   3    7
   3    8
   3    9
   3   10
   3   11
   3   13
   3   16
   4    4
   4    7
   4    8
   4    9
   4   11
   4   12
   4   13
   4   14
   4   16

