Bundle Soln 
 0.000500 20
 1.00000  0.10000 10.00000 100.00000 100.00000 100.00000 20.00000 20.00000 20.00000
123.9392 26.5770 38.8110 53.14800 77.97600 0.00000 0.00000 0.00000 0.00000 0.00000
 0.00000  0.05315  0.07798 0.500000 0.500000 0.001000 0.000100 0.000100 0.001000 0.001000
   0 e:\pm\weighted\sxb\images\8811.jpg
   0 -118.325  108.975 1776.713  -89.914   -0.410    0.796
   0   0.5824   0.8372   0.1070   0.0030   0.0183   0.0267

   0 123.939  26.577  38.811 53.14800 77.97600 0.00000 0.00000 0.00000 0.00000 0.00000
   0  0.00000  0.05315  0.07798 0.500000 0.500000 0.001000 0.000100 0.000100 0.001000 0.001000
   1 e:\pm\weighted\sxb\images\8936.jpg
   1  281.680  364.897 1776.569   92.626   -0.023   -0.125
   1   0.4867   0.9251   0.1295   0.0028   0.0150   0.0296

   1 123.939  26.577  38.811 53.14800 77.97600 0.00000 0.00000 0.00000 0.00000 0.00000
   1  0.00000  0.05315  0.07798 0.500000 0.500000 0.001000 0.000100 0.000100 0.001000 0.001000
   2 e:\pm\weighted\sxb\images\8937.jpg
   2  296.619  157.291 1770.605   94.402   -0.032   -0.173
   2   0.4536   0.7230   0.0683   0.0022   0.0141   0.0231

   2 123.939  26.577  38.811 53.14800 77.97600 0.00000 0.00000 0.00000 0.00000 0.00000
   2  0.00000  0.05315  0.07798 0.500000 0.500000 0.001000 0.000100 0.000100 0.001000 0.001000
   3 e:\pm\weighted\sxb\images\8938.jpg
   3  314.300  -59.058 1767.170   96.145    0.126   -0.160
   3   0.5600   2.0284   0.1477   0.0027   0.0175   0.0654

   3 123.939  26.577  38.811 53.14800 77.97600 0.00000 0.00000 0.00000 0.00000 0.00000
   3  0.00000  0.05315  0.07798 0.500000 0.500000 0.001000 0.000100 0.000100 0.001000 0.001000
   4 e:\pm\weighted\sxb\images\9111.jpg
   4  703.586  110.969 1797.208  -92.544   -0.205    0.493
   4   1.1626   0.7911   0.2577   0.0034   0.0368   0.0247

   4 123.939  26.577  38.811 53.14800 77.97600 0.00000 0.00000 0.00000 0.00000 0.00000
   4  0.00000  0.05315  0.07798 0.500000 0.500000 0.001000 0.000100 0.000100 0.001000 0.001000

     317 -174.91017   83.79160   -0.40615   0.011477   0.011398   0.024057
     333  354.94562  330.63175   -1.83008   0.011674   0.011492   0.024323
     347  680.82112  505.24137   -0.37197   0.011831   0.011781   0.024224
     351  771.83178   14.70649    0.04156   0.011539   0.011464   0.024154
     375 -160.42944  110.27264   -0.88463   0.011586   0.011530   0.024154
     403 -608.83913  431.95268   -0.18772   0.012161   0.012122   0.024392
     410  194.96508  216.18938   -0.15826   0.011595   0.011498   0.024183
     422  347.26616  -81.48394   -1.27264   0.011382   0.011273   0.024147
     428  192.45446 -215.99282   -0.32091   0.011671   0.011629   0.024171
     492 -172.65221   81.78029   -0.66339   0.011659   0.011601   0.024058
     552  795.53830   -2.41884   -0.20417   0.011675   0.011630   0.024190
     563  387.28399  413.65609   -1.06697   0.011589   0.011485   0.024257
     590  201.43921 -209.50190   -0.41147   0.011802   0.011760   0.024228
     607  722.99434  365.31446   -0.18014   0.011550   0.011589   0.024141
     634  662.39934  416.46678   -0.08574   0.011737   0.011697   0.024197
     651  579.93754  169.16096   -0.66198   0.011314   0.011264   0.024188

     317 -174.91017   83.79160   -0.40615   0.011477   0.011398   0.024057
     333  354.94562  330.63175   -1.83008   0.011674   0.011492   0.024323
     347  680.82112  505.24137   -0.37197   0.011831   0.011781   0.024224
     351  771.83178   14.70649    0.04156   0.011539   0.011464   0.024154
     375 -160.42944  110.27264   -0.88463   0.011586   0.011530   0.024154
     403 -608.83913  431.95268   -0.18772   0.012161   0.012122   0.024392
     410  194.96508  216.18938   -0.15826   0.011595   0.011498   0.024183
     422  347.26616  -81.48394   -1.27264   0.011382   0.011273   0.024147
     428  192.45446 -215.99282   -0.32091   0.011671   0.011629   0.024171
     492 -172.65221   81.78029   -0.66339   0.011659   0.011601   0.024058
     552  795.53830   -2.41884   -0.20417   0.011675   0.011630   0.024190
     563  387.28399  413.65609   -1.06697   0.011589   0.011485   0.024257
     590  201.43921 -209.50190   -0.41147   0.011802   0.011760   0.024228
     607  722.99434  365.31446   -0.18014   0.011550   0.011589   0.024141
     634  662.39934  416.46678   -0.08574   0.011737   0.011697   0.024197
     651  579.93754  169.16096   -0.66198   0.011314   0.011264   0.024188
     745  227.85450  384.04260   20.28804   0.032796   0.035865   0.188580

   0      333 2158.2500 1135.5000  1.00000  1.00000
   0      410 3478.1358 2979.2802  1.00000  1.00000
   0      422 6936.8000 1211.3865  1.00000  1.00000
   0      428 8503.6000 3004.5772  1.00000  1.00000
   0      375 4700.3506 7105.9468  1.00000  1.00000
   0      317 5007.6667 7275.6667  1.00000  1.00000
   0      403  955.1383 12311.1660  1.00000  1.00000
   0      745 1498.0000 2554.5993  1.00000  1.00000
   1      492 1431.0000 1037.0000  1.00000  1.00000
   1      317 1453.6667 1012.3333  1.00000  1.00000
   1      333 4039.0000 7293.3333  1.00000  1.00000
   1      563 4984.0000 7714.3333  1.00000  1.00000
   1      651 2043.7778 9819.7069  1.00000  1.00000
   1      351  148.6667 11965.6667  1.00000  1.00000
   1      607 4245.3951 11587.6550  1.00000  1.00000
   1      634 4870.8049 10911.3411  1.00000  1.00000
   1      347 5892.0519 11172.1777  1.00000  1.00000
   1      745 4729.3989 5840.1319  1.00000  1.00000
   2      317 4060.0000  912.3333  1.00000  1.00000
   2      492 4034.3333  937.3333  1.00000  1.00000
   2      375 4354.7975 1106.0428  1.00000  1.00000
   2      422 1672.0000 6836.0000  1.00000  1.00000
   2      333 6455.6593 7294.8080  1.00000  1.00000
   2      563 7392.6000 7745.8755  1.00000  1.00000
   2      651 4377.0395 9766.5071  1.00000  1.00000
   2      351 2409.1556 11859.1323  1.00000  1.00000
   2      552 2189.3802 12119.3787  1.00000  1.00000
   2      607 6530.8988 11607.8742  1.00000  1.00000
   2      634 7180.1704 10949.7925  1.00000  1.00000
   2      347 8197.3333 11243.6667  1.00000  1.00000
   2      745 7224.4840 5858.2750  1.00000  1.00000
   3      317 6751.9119 1015.9611  1.00000  1.00000
   3      492 6726.4347 1040.1297  1.00000  1.00000
   3      375 7042.5000 1218.8872  1.00000  1.00000
   3      428 2811.5000 4908.7134  1.00000  1.00000
   3      590 2876.5000 5020.1089  1.00000  1.00000
   3      410 7829.6064 5477.0000  1.00000  1.00000
   3      422 4180.5122 6874.6667  1.00000  1.00000
   3      651 6803.0851 9893.6667  1.00000  1.00000
   3      351 4767.0000 11933.7743  1.00000  1.00000
   3      552 4537.7295 12186.4202  1.00000  1.00000
   4      607 1684.0000 6440.8132  1.00000  1.00000
   4      563 1300.7447 10316.1064  1.00000  1.00000
   4      410 3661.4468 12430.6667  1.00000  1.00000
   4      651 4005.5167 7983.6667  1.00000  1.00000
   4      422 7002.7356 10531.3333  1.00000  1.00000
   4      428 8635.4377 12250.7393  1.00000  1.00000
   4      590 8556.0000 12150.2853  1.00000  1.00000
   4      351 5681.0000 5699.7756  1.00000  1.00000
   4      552 5865.9301 5420.7601  1.00000  1.00000
   4      745 1686.2747 12198.8175  1.00000  1.00000

   1    1      317 
   2    1      333 
   3    1      347 
   4    1      351 
   5    1      375 
   6    1      403 
   7    1      410 
   8    1      422 
   9    1      428 
  10    1      492 
  11    1      552 
  12    1      563 
  13    1      590 
  14    1      607 
  15    1      634 
  16    1      651 
  17    1      745 

   0    1
   0    2
   0    5
   0    6
   0    7
   0    8
   0    9
   0   17
   1    1
   1    2
   1    3
   1    4
   1   10
   1   12
   1   14
   1   15
   1   16
   1   17
   2    1
   2    2
   2    3
   2    4
   2    5
   2    8
   2   10
   2   11
   2   12
   2   14
   2   15
   2   16
   2   17
   3    1
   3    4
   3    5
   3    7
   3    8
   3    9
   3   10
   3   11
   3   13
   3   16
   4    4
   4    7
   4    8
   4    9
   4   11
   4   12
   4   13
   4   14
   4   16
   4   17

