Bundle Soln PhotoModeler Calibration Project
 0.000500 20 2272 1704
 1.00000  0.10000 10.00000 100.00000 100.00000 100.00000 20.00000 20.00000 20.00000
 7.469318945039858 3.617774176308946 2.608659709564916 7.25320 5.43990 4.9806426949722668e-03 -9.8149008391330082e-05 0 -6.5897613784714646e-05 -2.8137237812200079e-05
 0.00000  0.00725  0.00544 0.500000 0.500000 0.001000 0.000100 0.000100 0.001000 0.001000
   0 e:\pm\weighted\camcal\images\P8250021.JPG
   0   -0.046    1.294    1.470 -179.844   -1.211  -39.411
   0   0.0004   0.0002   0.0003   0.0058   0.0125   0.0099

   0   7.469   3.618   2.609 7.25320 5.43990 0.00498 -0.00010 0.00000 -0.00007 -0.00003
   0  0.00000  0.00725  0.00544 0.500000 0.500000 0.001000 0.000100 0.000100 0.001000 0.001000
   1 e:\pm\weighted\camcal\images\P8250023.JPG
   1   -1.146    0.966    1.581 -141.851  -28.605  -27.248
   1   0.0004   0.0003   0.0004   0.0064   0.0112   0.0129

   1   7.469   3.618   2.609 7.25320 5.43990 0.00498 -0.00010 0.00000 -0.00007 -0.00003
   1  0.00000  0.00725  0.00544 0.500000 0.500000 0.001000 0.000100 0.000100 0.001000 0.001000

    1001   -0.50000    0.50000    0.00000  -1.569513  -1.569513  -1.569513
    1002    0.50000    0.50000    0.00000  -1.569513  -1.569513  -1.569513
    1004    0.50000   -0.50000    0.00000  -1.569513  -1.569513  -1.569513
    1003   -0.50000   -0.50000    0.00000  -1.569513  -1.569513  -1.569513

       2   -0.21466    0.64303   -0.00089   0.000129   0.000140   0.000308
       3   -0.07178    0.64307   -0.00005   0.000141   0.000143   0.000314
       4   -0.35749    0.64304   -0.00057   0.000120   0.000139   0.000306
       5    0.07115    0.64311    0.00067   0.000157   0.000148   0.000324
       6   -0.50032    0.64286   -0.00074   0.000116   0.000140   0.000307
       7    0.21393    0.64312    0.00015   0.000177   0.000155   0.000339
       8   -0.64309    0.64269   -0.00076   0.000117   0.000143   0.000312
       9    0.35694    0.64306    0.00011   0.000203   0.000164   0.000359
      10    0.49965    0.64300   -0.00131   0.000237   0.000175   0.000385
      11    0.64226    0.64294   -0.00034   0.000281   0.000189   0.000417
      12   -0.21448    0.49997   -0.00031   0.000125   0.000158   0.000301
      13   -0.07168    0.50001    0.00002   0.000138   0.000161   0.000306
      14   -0.35737    0.50005   -0.00050   0.000116   0.000156   0.000299
      15    0.07120    0.50004    0.00109   0.000154   0.000166   0.000315
    1001   -0.50000    0.50000    0.00000  -1.569513  -1.569513  -1.569513
      16    0.21400    0.50003    0.00041   0.000174   0.000174   0.000329
      17   -0.64292    0.49981    0.00037   0.000114   0.000159   0.000306
      18    0.35702    0.50006    0.00015   0.000200   0.000184   0.000347
    1002    0.50000    0.50000    0.00000  -1.569513  -1.569513  -1.569513
      19    0.64247    0.49998   -0.00090   0.000275   0.000212   0.000400
      20   -0.21428    0.35698    0.00004   0.000123   0.000178   0.000297
      21   -0.35717    0.35708   -0.00001   0.000114   0.000176   0.000295
      22   -0.07152    0.35700    0.00017   0.000136   0.000182   0.000302
      23   -0.50001    0.35712    0.00067   0.000110   0.000177   0.000297
      24    0.07125    0.35702    0.00207   0.000153   0.000188   0.000311
      25   -0.64271    0.35693    0.00047   0.000112   0.000179   0.000302
      26    0.21407    0.35699    0.00216   0.000174   0.000196   0.000324
      27    0.35696    0.35707    0.00036   0.000199   0.000207   0.000341
      28    0.49995    0.35703   -0.00021   0.000231   0.000221   0.000363
      29    0.64257    0.35707   -0.00081   0.000272   0.000237   0.000391
      30   -0.64260    0.21408   -0.00002   0.000112   0.000201   0.000303
      31   -0.49984    0.21424    0.00106   0.000110   0.000199   0.000297
      32   -0.35695    0.21412    0.00093   0.000114   0.000199   0.000295
      33   -0.21414    0.21407    0.00016   0.000123   0.000201   0.000297
      34   -0.07140    0.21407    0.00016   0.000137   0.000205   0.000303
      35    0.35696    0.21409    0.00035   0.000201   0.000232   0.000340
      36    0.07136    0.21407    0.00352   0.000154   0.000212   0.000311
      37    0.21406    0.21403    0.00228   0.000175   0.000221   0.000323
      38    0.49994    0.21403   -0.00090   0.000233   0.000247   0.000361
      39    0.64280    0.21403    0.00231   0.000273   0.000264   0.000385
      40   -0.35683    0.07131    0.00085   0.000116   0.000225   0.000299
      41   -0.21406    0.07124    0.00063   0.000125   0.000227   0.000301
      42   -0.64252    0.07137    0.00403   0.000113   0.000226   0.000307
      43   -0.07127    0.07127    0.00128   0.000139   0.000232   0.000307
      44    0.35689    0.07122    0.00050   0.000206   0.000261   0.000343
      45   -0.49966    0.07138    0.00351   0.000111   0.000224   0.000301
      46    0.49993    0.07116    0.00080   0.000238   0.000276   0.000363
      47    0.21409    0.07115    0.00211   0.000179   0.000249   0.000327
      48    0.64283    0.07098    0.00208   0.000277   0.000295   0.000386
      49    0.07146    0.07124    0.00392   0.000157   0.000239   0.000315
      50   -0.64232   -0.07167    0.00036   0.000116   0.000254   0.000316
      51   -0.49953   -0.07152    0.00055   0.000115   0.000252   0.000309
      52    0.64274   -0.07186    0.00036   0.000284   0.000328   0.000391
      53    0.49983   -0.07173    0.00011   0.000245   0.000309   0.000369
      54   -0.35666   -0.07152    0.00180   0.000119   0.000253   0.000307
      55   -0.21396   -0.07148    0.00010   0.000129   0.000256   0.000309
      56   -0.07125   -0.07146    0.00005   0.000144   0.000262   0.000315
      57    0.35691   -0.07162   -0.00007   0.000212   0.000293   0.000350
      58    0.21408   -0.07157    0.00105   0.000185   0.000280   0.000335
      59    0.07144   -0.07152    0.00273   0.000162   0.000269   0.000322
      60    0.64254   -0.21438   -0.00091   0.000294   0.000365   0.000400
      61   -0.64228   -0.21434    0.00066   0.000121   0.000286   0.000328
      62   -0.49945   -0.21427    0.00034   0.000120   0.000284   0.000321
      63    0.49970   -0.21437   -0.00050   0.000254   0.000345   0.000378
      64   -0.35669   -0.21422    0.00022   0.000125   0.000285   0.000319
      65   -0.21393   -0.21422   -0.00042   0.000135   0.000289   0.000320
      66    0.35687   -0.21427   -0.00042   0.000221   0.000328   0.000360
      67   -0.07125   -0.21414   -0.00013   0.000150   0.000295   0.000325
      68    0.21399   -0.21419   -0.00018   0.000193   0.000314   0.000345
      69    0.07143   -0.21416    0.00139   0.000169   0.000303   0.000333
      70    0.64249   -0.35733   -0.00077   0.000305   0.000406   0.000411
      71   -0.64222   -0.35730    0.00008   0.000126   0.000322   0.000343
      72    0.49968   -0.35725    0.00007   0.000265   0.000385   0.000390
      73   -0.49950   -0.35709    0.00014   0.000126   0.000320   0.000336
      74    0.35689   -0.35704   -0.00053   0.000231   0.000367   0.000373
      75   -0.35658   -0.35721    0.00052   0.000132   0.000321   0.000333
      76    0.21402   -0.35691   -0.00033   0.000202   0.000352   0.000359
      77   -0.21388   -0.35707    0.00024   0.000142   0.000325   0.000334
      78   -0.07121   -0.35691   -0.00013   0.000158   0.000331   0.000339
      79    0.07135   -0.35693    0.00020   0.000178   0.000340   0.000347
      80    0.64243   -0.50004   -0.00177   0.000318   0.000450   0.000425
    1004    0.50000   -0.50000    0.00000  -1.569513  -1.569513  -1.569513
      81   -0.64215   -0.50005    0.00171   0.000133   0.000363   0.000361
    1003   -0.50000   -0.50000    0.00000  -1.569513  -1.569513  -1.569513
      82    0.35677   -0.49964   -0.00137   0.000243   0.000410   0.000388
      83   -0.35666   -0.49991   -0.00032   0.000140   0.000361   0.000351
      84   -0.21399   -0.49979   -0.00088   0.000151   0.000365   0.000352
      85   -0.07114   -0.49972   -0.00105   0.000168   0.000372   0.000356
      86    0.21414   -0.49974    0.00013   0.000213   0.000394   0.000374
      87    0.07145   -0.49970    0.00064   0.000188   0.000382   0.000363
      88    0.64237   -0.64283   -0.00250   0.000333   0.000499   0.000441
      89    0.49947   -0.64239   -0.00188   0.000291   0.000476   0.000422
      90   -0.64217   -0.64277    0.00115   0.000140   0.000409   0.000382
      91    0.35689   -0.64235   -0.00171   0.000256   0.000457   0.000406
      92   -0.49941   -0.64273    0.00020   0.000142   0.000406   0.000374
      93    0.21406   -0.64224   -0.00153   0.000226   0.000440   0.000392
      94   -0.35667   -0.64259   -0.00063   0.000149   0.000406   0.000371
      95   -0.21398   -0.64254   -0.00166   0.000161   0.000410   0.000371
      96    0.07143   -0.64231   -0.00165   0.000200   0.000427   0.000382
      97   -0.07119   -0.64233   -0.00148   0.000178   0.000417   0.000375

   0        2 1429.1871 1456.4278  0.10000  0.10000
   0        3 1217.8557 1456.1798  0.10000  0.10000
   0        4 1638.5148 1454.0811  0.10000  0.10000
   0        5 1006.2362 1453.7820  0.10000  0.10000
   0        6 1844.4644 1450.3823  0.10000  0.10000
   0        7  797.0289 1449.8387  0.10000  0.10000
   0        8 2047.1395 1446.2662  0.10000  0.10000
   0        9  591.4144 1443.8697  0.10000  0.10000
   0       10  391.6128 1437.6830  0.10000  0.10000
   0       11  195.6615 1429.8491  0.10000  0.10000
   0       12 1418.1391 1270.0164  0.10000  0.10000
   0       13 1216.8273 1269.9377  0.10000  0.10000
   0       14 1617.4939 1268.7603  0.10000  0.10000
   0       15 1015.1358 1267.7026  0.10000  0.10000
   0     1001 1813.4284 1266.2367  0.10000  0.10000
   0       16  815.6912 1265.0421  0.10000  0.10000
   0       17 2005.8948 1262.2445  0.10000  0.10000
   0       18  619.7495 1260.9004  0.10000  0.10000
   0     1002  428.5563 1255.3326  0.10000  0.10000
   0       19  243.4372 1250.7945  0.10000  0.10000
   0       20 1407.5207 1099.9881  0.10000  0.10000
   0       21 1597.5731 1099.4047  0.10000  0.10000
   0       22 1215.6603 1099.7737  0.10000  0.10000
   0       23 1784.5411 1097.5548  0.10000  0.10000
   0       24 1023.4725 1097.3086  0.10000  0.10000
   0       25 1967.4325 1095.6753  0.10000  0.10000
   0       26  833.0220 1095.1614  0.10000  0.10000
   0       27  646.4377 1093.7252  0.10000  0.10000
   0       28  464.1943 1090.7112  0.10000  0.10000
   0       29  287.2191 1087.5448  0.10000  0.10000
   0       30 1931.4343  944.3629  0.10000  0.10000
   0       31 1757.0625  944.2338  0.10000  0.10000
   0       32 1578.6473  944.5296  0.10000  0.10000
   0       33 1397.3486  945.0716  0.10000  0.10000
   0       34 1214.4710  944.7584  0.10000  0.10000
   0       35  671.6101  941.2705  0.10000  0.10000
   0       36 1031.2014  941.4652  0.10000  0.10000
   0       37  849.7808  941.2251  0.10000  0.10000
   0       38  497.6257  940.4461  0.10000  0.10000
   0       39  326.8614  936.2355  0.10000  0.10000
   0       40 1560.5906  804.2485  0.10000  0.10000
   0       41 1387.7016  803.8287  0.10000  0.10000
   0       42 1898.9988  803.0511  0.10000  0.10000
   0       43 1213.2420  802.8610  0.10000  0.10000
   0       44  695.3857  802.2472  0.10000  0.10000
   0       45 1731.4896  802.8705  0.10000  0.10000
   0       46  528.4134  801.6390  0.10000  0.10000
   0       47  865.5582  801.2688  0.10000  0.10000
   0       48  365.3910  800.1903  0.10000  0.10000
   0       49 1038.5198  800.3304  0.10000  0.10000
   0       50 1866.1747  679.4978  0.10000  0.10000
   0       51 1706.2913  678.0781  0.10000  0.10000
   0       52  402.0369  677.3159  0.10000  0.10000
   0       53  558.0698  676.6650  0.10000  0.10000
   0       54 1543.5888  675.8288  0.10000  0.10000
   0       55 1378.4256  676.2626  0.10000  0.10000
   0       56 1212.0953  675.7048  0.10000  0.10000
   0       57  717.7645  676.1453  0.10000  0.10000
   0       58  880.5014  674.7863  0.10000  0.10000
   0       59 1045.5639  673.3149  0.10000  0.10000
   0       60  436.2440  565.0226  0.10000  0.10000
   0       61 1836.6646  564.3044  0.10000  0.10000
   0       62 1683.2268  562.5779  0.10000  0.10000
   0       63  585.8161  562.8024  0.10000  0.10000
   0       64 1527.4848  561.0436  0.10000  0.10000
   0       65 1369.7331  560.2879  0.10000  0.10000
   0       66  738.7234  561.2654  0.10000  0.10000
   0       67 1210.9978  559.4700  0.10000  0.10000
   0       68  894.5485  560.0128  0.10000  0.10000
   0       69 1052.1045  558.2089  0.10000  0.10000
   0       70  467.8120  460.8823  0.10000  0.10000
   0       71 1808.7576  459.4924  0.10000  0.10000
   0       72  611.4717  457.7879  0.10000  0.10000
   0       73 1661.7535  457.2167  0.10000  0.10000
   0       74  758.2178  456.2724  0.10000  0.10000
   0       75 1512.4194  454.8595  0.10000  0.10000
   0       76  907.3967  454.6323  0.10000  0.10000
   0       77 1361.6033  453.7812  0.10000  0.10000
   0       78 1209.8759  453.5157  0.10000  0.10000
   0       79 1058.2089  453.3440  0.10000  0.10000
   0       80  497.5415  366.5497  0.10000  0.10000
   0     1004  635.6057  362.5516  0.10000  0.10000
   0       81 1783.1065  362.0649  0.10000  0.10000
   0     1003 1641.6407  360.4757  0.10000  0.10000
   0       82  776.5702  361.0723  0.10000  0.10000
   0       83 1498.4564  359.0714  0.10000  0.10000
   0       84 1354.0694  358.1599  0.10000  0.10000
   0       85 1208.7526  357.6902  0.10000  0.10000
   0       86  919.2193  358.0043  0.10000  0.10000
   0       87 1063.6262  356.5845  0.10000  0.10000
   0       88  525.2250  279.7664  0.10000  0.10000
   0       89  658.3035  276.3722  0.10000  0.10000
   0       90 1758.8551  274.3339  0.10000  0.10000
   0       91  793.3730  273.5425  0.10000  0.10000
   0       92 1622.8272  272.4571  0.10000  0.10000
   0       93  930.5242  271.4949  0.10000  0.10000
   0       94 1485.4209  271.0819  0.10000  0.10000
   0       95 1346.9305  270.5112  0.10000  0.10000
   0       96 1068.8293  270.3444  0.10000  0.10000
   0       97 1207.8107  269.9316  0.10000  0.10000
   1        8 1088.3676 1570.9448  0.10000  0.10000
   1        6  954.5825 1438.4888  0.10000  0.10000
   1       17 1231.8811 1437.9110  0.10000  0.10000
   1     1001 1096.8101 1314.4172  0.10000  0.10000
   1        4  830.5227 1313.6101  0.10000  0.10000
   1       25 1367.1387 1311.3117  0.10000  0.10000
   1       14  970.8691 1197.3100  0.10000  0.10000
   1        2  716.2647 1196.7890  0.10000  0.10000
   1       23 1231.5088 1195.0532  0.10000  0.10000
   1       30 1493.7498 1191.4623  0.10000  0.10000
   1       12  854.0219 1087.2037  0.10000  0.10000
   1        3  610.8066 1087.0752  0.10000  0.10000
   1       21 1104.4260 1085.6446  0.10000  0.10000
   1       31 1358.4339 1081.9376  0.10000  0.10000
   1       42 1612.1172 1075.3941  0.10000  0.10000
   1        5  513.9943  984.9701  0.10000  0.10000
   1       13  746.0024  984.3705  0.10000  0.10000
   1       20  985.8528  982.3911  0.10000  0.10000
   1       32 1230.8939  978.9590  0.10000  0.10000
   1       45 1477.3572  973.4937  0.10000  0.10000
   1       50 1720.9456  970.9849  0.10000  0.10000
   1        7  425.5784  891.1588  0.10000  0.10000
   1       15  646.2109  888.0767  0.10000  0.10000
   1       22  875.7326  885.9409  0.10000  0.10000
   1       33 1111.3353  882.7877  0.10000  0.10000
   1       40 1349.9108  878.8286  0.10000  0.10000
   1       51 1587.7928  875.1538  0.10000  0.10000
   1       61 1822.1404  871.0333  0.10000  0.10000
   1        9  344.1180  803.6104  0.10000  0.10000
   1       16  554.8461  799.8203  0.10000  0.10000
   1       24  773.4423  794.8352  0.10000  0.10000
   1       34  999.7328  792.2995  0.10000  0.10000
   1       41 1230.0566  788.2052  0.10000  0.10000
   1       54 1461.4036  783.6927  0.10000  0.10000
   1       62 1690.5339  781.3407  0.10000  0.10000
   1       71 1915.8819  778.0768  0.10000  0.10000
   1       10  269.6482  723.5235  0.10000  0.10000
   1       18  470.4281  717.5203  0.10000  0.10000
   1       26  679.2048  711.2873  0.10000  0.10000
   1       36  895.4357  705.5247  0.10000  0.10000
   1       43 1117.4560  702.7880  0.10000  0.10000
   1       55 1341.7265  699.8355  0.10000  0.10000
   1       64 1565.3545  696.4590  0.10000  0.10000
   1       73 1786.1342  693.6569  0.10000  0.10000
   1       81 2003.3195  689.8042  0.10000  0.10000
   1       11  199.9489  647.5773  0.10000  0.10000
   1     1002  392.3871  640.7924  0.10000  0.10000
   1       27  592.4159  635.0937  0.10000  0.10000
   1       37  799.2628  628.0204  0.10000  0.10000
   1       49 1012.0478  621.5900  0.10000  0.10000
   1       56 1228.9909  620.1121  0.10000  0.10000
   1       65 1446.4768  616.9337  0.10000  0.10000
   1       75 1662.4605  613.3163  0.10000  0.10000
   1     1003 1875.1542  611.3214  0.10000  0.10000
   1       90 2084.4036  608.8637  0.10000  0.10000
   1       19  320.7993  570.8962  0.10000  0.10000
   1       28  511.9219  563.4314  0.10000  0.10000
   1       35  710.0647  556.5115  0.10000  0.10000
   1       47  914.2751  549.1863  0.10000  0.10000
   1       59 1123.0200  543.6098  0.10000  0.10000
   1       67 1334.0003  541.7335  0.10000  0.10000
   1       77 1544.6297  538.3579  0.10000  0.10000
   1       83 1752.8452  536.6409  0.10000  0.10000
   1       92 1957.9327  534.7292  0.10000  0.10000
   1       29  437.3711  497.0990  0.10000  0.10000
   1       38  627.2877  489.5498  0.10000  0.10000
   1       44  823.0711  481.7944  0.10000  0.10000
   1       58 1024.0022  475.4438  0.10000  0.10000
   1       69 1227.9111  470.4362  0.10000  0.10000
   1       78 1432.7347  468.0301  0.10000  0.10000
   1       84 1636.3559  466.2055  0.10000  0.10000
   1       94 1837.2785  464.5211  0.10000  0.10000
   1       39  549.4150  424.2163  0.10000  0.10000
   1       46  737.8714  417.6323  0.10000  0.10000
   1       57  931.3147  411.5563  0.10000  0.10000
   1       68 1128.2466  406.1849  0.10000  0.10000
   1       79 1326.9635  401.6591  0.10000  0.10000
   1       85 1525.3618  399.6046  0.10000  0.10000
   1       95 1722.1543  398.3698  0.10000  0.10000
   1       48  658.4188  357.2211  0.10000  0.10000
   1       53  844.5819  351.1385  0.10000  0.10000
   1       66 1034.4756  345.2406  0.10000  0.10000
   1       76 1226.9507  340.2488  0.10000  0.10000
   1       87 1420.1971  335.8637  0.10000  0.10000
   1       97 1612.3190  335.2411  0.10000  0.10000
   1       52  763.5109  294.7242  0.10000  0.10000
   1       63  946.5661  288.3475  0.10000  0.10000
   1       74 1132.6669  282.5293  0.10000  0.10000
   1       86 1320.3521  277.7146  0.10000  0.10000
   1       96 1507.8644  276.2211  0.10000  0.10000
   1       60  864.1179  235.4604  0.10000  0.10000
   1       72 1043.9519  228.0984  0.10000  0.10000
   1       82 1225.8913  224.1621  0.10000  0.10000
   1       93 1408.5308  220.6584  0.10000  0.10000
   1       70  960.4919  178.3155  0.10000  0.10000
   1     1004 1136.7921  172.0244  0.10000  0.10000
   1       91 1314.2073  168.7311  0.10000  0.10000
   1       80 1052.5788  125.1771  0.10000  0.10000
   1       89 1224.9400  120.1542  0.10000  0.10000
   1       88 1140.4682   74.7817  0.10000  0.10000

   1    1        2 
   2    1        3 
   3    1        4 
   4    1        5 
   5    1        6 
   6    1        7 
   7    1        8 
   8    1        9 
   9    1       10 
  10    1       11 
  11    1       12 
  12    1       13 
  13    1       14 
  14    1       15 
  15    1     1001 
  16    1       16 
  17    1       17 
  18    1       18 
  19    1     1002 
  20    1       19 
  21    1       20 
  22    1       21 
  23    1       22 
  24    1       23 
  25    1       24 
  26    1       25 
  27    1       26 
  28    1       27 
  29    1       28 
  30    1       29 
  31    1       30 
  32    1       31 
  33    1       32 
  34    1       33 
  35    1       34 
  36    1       35 
  37    1       36 
  38    1       37 
  39    1       38 
  40    1       39 
  41    1       40 
  42    1       41 
  43    1       42 
  44    1       43 
  45    1       44 
  46    1       45 
  47    1       46 
  48    1       47 
  49    1       48 
  50    1       49 
  51    1       50 
  52    1       51 
  53    1       52 
  54    1       53 
  55    1       54 
  56    1       55 
  57    1       56 
  58    1       57 
  59    1       58 
  60    1       59 
  61    1       60 
  62    1       61 
  63    1       62 
  64    1       63 
  65    1       64 
  66    1       65 
  67    1       66 
  68    1       67 
  69    1       68 
  70    1       69 
  71    1       70 
  72    1       71 
  73    1       72 
  74    1       73 
  75    1       74 
  76    1       75 
  77    1       76 
  78    1       77 
  79    1       78 
  80    1       79 
  81    1       80 
  82    1     1004 
  83    1       81 
  84    1     1003 
  85    1       82 
  86    1       83 
  87    1       84 
  88    1       85 
  89    1       86 
  90    1       87 
  91    1       88 
  92    1       89 
  93    1       90 
  94    1       91 
  95    1       92 
  96    1       93 
  97    1       94 
  98    1       95 
  99    1       96 
 100    1       97 

   0    1
   0    2
   0    3
   0    4
   0    5
   0    6
   0    7
   0    8
   0    9
   0   10
   0   11
   0   12
   0   13
   0   14
   0   15
   0   16
   0   17
   0   18
   0   19
   0   20
   0   21
   0   22
   0   23
   0   24
   0   25
   0   26
   0   27
   0   28
   0   29
   0   30
   0   31
   0   32
   0   33
   0   34
   0   35
   0   36
   0   37
   0   38
   0   39
   0   40
   0   41
   0   42
   0   43
   0   44
   0   45
   0   46
   0   47
   0   48
   0   49
   0   50
   0   51
   0   52
   0   53
   0   54
   0   55
   0   56
   0   57
   0   58
   0   59
   0   60
   0   61
   0   62
   0   63
   0   64
   0   65
   0   66
   0   67
   0   68
   0   69
   0   70
   0   71
   0   72
   0   73
   0   74
   0   75
   0   76
   0   77
   0   78
   0   79
   0   80
   0   81
   0   82
   0   83
   0   84
   0   85
   0   86
   0   87
   0   88
   0   89
   0   90
   0   91
   0   92
   0   93
   0   94
   0   95
   0   96
   0   97
   0   98
   0   99
   0  100
   1    1
   1    2
   1    3
   1    4
   1    5
   1    6
   1    7
   1    8
   1    9
   1   10
   1   11
   1   12
   1   13
   1   14
   1   15
   1   16
   1   17
   1   18
   1   19
   1   20
   1   21
   1   22
   1   23
   1   24
   1   25
   1   26
   1   27
   1   28
   1   29
   1   30
   1   31
   1   32
   1   33
   1   34
   1   35
   1   36
   1   37
   1   38
   1   39
   1   40
   1   41
   1   42
   1   43
   1   44
   1   45
   1   46
   1   47
   1   48
   1   49
   1   50
   1   51
   1   52
   1   53
   1   54
   1   55
   1   56
   1   57
   1   58
   1   59
   1   60
   1   61
   1   62
   1   63
   1   64
   1   65
   1   66
   1   67
   1   68
   1   69
   1   70
   1   71
   1   72
   1   73
   1   74
   1   75
   1   76
   1   77
   1   78
   1   79
   1   80
   1   81
   1   82
   1   83
   1   84
   1   85
   1   86
   1   87
   1   88
   1   89
   1   90
   1   91
   1   92
   1   93
   1   94
   1   95
   1   96
   1   97
   1   98
   1   99
   1  100

