Bundle Soln 
 0.000500 20 8858 12996
 1.00000  0.10000 10.00000 100.00000 100.00000 100.00000 20.00000 20.00000 20.00000
123.9392 26.5770 38.8110 53.14800 77.97600 0.00000 0.00000 0.00000 0.00000 0.00000
 0.00000  0.05315  0.07798 0.500000 0.500000 0.001000 0.000100 0.000100 0.001000 0.001000
   0 e:\pm\weighted\sxb\images\8936.jpg
   0  281.985  364.911 1776.468   92.623   -0.015   -0.125
   0   0.4830   0.8871   0.1219   0.0027   0.0148   0.0284

   0 123.939  26.577  38.811 53.14800 77.97600 0.00000 0.00000 0.00000 0.00000 0.00000
   0  0.00000  0.05315  0.07798 0.500000 0.500000 0.001000 0.000100 0.000100 0.001000 0.001000
   1 e:\pm\weighted\sxb\images\8937.jpg
   1  296.923  157.178 1770.575   94.402   -0.023   -0.169
   1   0.4286   0.6486   0.0611   0.0020   0.0133   0.0207

   1 123.939  26.577  38.811 53.14800 77.97600 0.00000 0.00000 0.00000 0.00000 0.00000
   1  0.00000  0.05315  0.07798 0.500000 0.500000 0.001000 0.000100 0.000100 0.001000 0.001000

     317 -174.92631   83.85200   -0.37910  -0.559957  -0.559957  -0.559957
     333  354.99369  330.56900   -1.82210  -0.559957  -0.559957  -0.559957
     347  680.82369  505.22900   -0.38210  -0.559957  -0.559957  -0.559957
     351  771.76369   14.68900    0.02790  -0.559957  -0.559957  -0.559957
     375 -160.46531  110.22700   -0.86210  -0.559957  -0.559957  -0.559957
     422  347.24169  -81.49800   -1.29210  -0.559957  -0.559957  -0.559957
     492 -172.57631   81.75900   -0.73210  -0.559957  -0.559957  -0.559957
     552  795.56569   -2.39600   -0.18910  -0.559957  -0.559957  -0.559957
     563  387.28369  413.70700   -1.07110  -0.559957  -0.559957  -0.559957
     607  722.96069  365.29600   -0.18810  -0.559957  -0.559957  -0.559957
     634  662.39969  416.49600   -0.07510  -0.559957  -0.559957  -0.559957
     651  579.95569  169.15800   -0.67610  -0.559957  -0.559957  -0.559957

     317 -174.92631   83.85200   -0.37910  -0.559957  -0.559957  -0.559957
     333  354.99369  330.56900   -1.82210  -0.559957  -0.559957  -0.559957
     347  680.82369  505.22900   -0.38210  -0.559957  -0.559957  -0.559957
     351  771.76369   14.68900    0.02790  -0.559957  -0.559957  -0.559957
     375 -160.46531  110.22700   -0.86210  -0.559957  -0.559957  -0.559957
     422  347.24169  -81.49800   -1.29210  -0.559957  -0.559957  -0.559957
     492 -172.57631   81.75900   -0.73210  -0.559957  -0.559957  -0.559957
     552  795.56569   -2.39600   -0.18910  -0.559957  -0.559957  -0.559957
     563  387.28369  413.70700   -1.07110  -0.559957  -0.559957  -0.559957
     607  722.96069  365.29600   -0.18810  -0.559957  -0.559957  -0.559957
     634  662.39969  416.49600   -0.07510  -0.559957  -0.559957  -0.559957
     651  579.95569  169.15800   -0.67610  -0.559957  -0.559957  -0.559957

   0      492 1431.0000 1037.0000  1.00000  1.00000
   0      317 1453.6667 1012.3333  1.00000  1.00000
   0      333 4039.0000 7293.3333  1.00000  1.00000
   0      563 4984.0000 7714.3333  1.00000  1.00000
   0      651 2043.7778 9819.7069  1.00000  1.00000
   0      351  148.6667 11965.6667  1.00000  1.00000
   0      607 4245.3951 11587.6550  1.00000  1.00000
   0      634 4870.8049 10911.3411  1.00000  1.00000
   0      347 5892.0519 11172.1777  1.00000  1.00000
   1      317 4060.0000  912.3333  1.00000  1.00000
   1      492 4034.3333  937.3333  1.00000  1.00000
   1      375 4354.7975 1106.0428  1.00000  1.00000
   1      422 1672.0000 6836.0000  1.00000  1.00000
   1      333 6455.6593 7294.8080  1.00000  1.00000
   1      563 7392.6000 7745.8755  1.00000  1.00000
   1      651 4377.0395 9766.5071  1.00000  1.00000
   1      351 2409.1556 11859.1323  1.00000  1.00000
   1      552 2189.3802 12119.3787  1.00000  1.00000
   1      607 6530.8988 11607.8742  1.00000  1.00000
   1      634 7180.1704 10949.7925  1.00000  1.00000
   1      347 8197.3333 11243.6667  1.00000  1.00000

   1    1      317 
   2    1      333 
   3    1      347 
   4    1      351 
   5    1      375 
   6    1      422 
   7    1      492 
   8    1      552 
   9    1      563 
  10    1      607 
  11    1      634 
  12    1      651 

   0    1
   0    2
   0    3
   0    4
   0    7
   0    9
   0   10
   0   11
   0   12
   1    1
   1    2
   1    3
   1    4
   1    5
   1    6
   1    7
   1    8
   1    9
   1   10
   1   11
   1   12

