Bundle Soln 
 0.000500 20 8858 12996
 1.00000  0.10000 10.00000 100.00000 100.00000 100.00000 20.00000 20.00000 20.00000
123.9392 26.5770 38.8110 53.14800 77.97600 0.00000 0.00000 0.00000 0.00000 0.00000
 0.00000  0.05315  0.07798 0.500000 0.500000 0.001000 0.000100 0.000100 0.001000 0.001000
   0 e:\pm\weighted\sxb\images\8936.jpg
   0  282.003  364.905 1776.473   92.623   -0.014   -0.125
   0   0.7054   1.2980   0.1783   0.0039   0.0216   0.0415

   0 123.939  26.577  38.811 53.14800 77.97600 0.00000 0.00000 0.00000 0.00000 0.00000
   0  0.00000  0.05315  0.07798 0.500000 0.500000 0.001000 0.000100 0.000100 0.001000 0.001000
   1 e:\pm\weighted\sxb\images\8937.jpg
   1  296.922  157.190 1770.575   94.402   -0.023   -0.169
   1   0.6258   0.9500   0.0896   0.0029   0.0194   0.0304

   1 123.939  26.577  38.811 53.14800 77.97600 0.00000 0.00000 0.00000 0.00000 0.00000
   1  0.00000  0.05315  0.07798 0.500000 0.500000 0.001000 0.000100 0.000100 0.001000 0.001000

     317 -174.91931   83.84509   -0.38300   0.015413   0.015372   0.031457
     333  354.98814  330.58018   -1.82137   0.015304   0.015175   0.031709
     347  680.82333  505.22995   -0.38105   0.015399   0.015346   0.031524
     351  771.76496   14.69190    0.02736   0.015504   0.015366   0.031558
     375 -160.46080  110.22916   -0.86699   0.015587   0.015576   0.031593
     422  347.24124  -81.50130   -1.29038   0.015576   0.015520   0.031692
     492 -172.58716   81.76359   -0.72381   0.015410   0.015370   0.031458
     552  795.56446   -2.39596   -0.19050   0.015657   0.015570   0.031603
     563  387.28831  413.69815   -1.07261   0.015306   0.015180   0.031671
     607  722.96365  365.30038   -0.18468   0.015285   0.015223   0.031436
     634  662.39955  416.48951   -0.07753   0.015274   0.015225   0.031485
     651  579.95387  169.15733   -0.67670   0.015220   0.015195   0.031571

     317 -174.91931   83.84509   -0.38300   0.015413   0.015372   0.031457
     333  354.98814  330.58018   -1.82137   0.015304   0.015175   0.031709
     347  680.82333  505.22995   -0.38105   0.015399   0.015346   0.031524
     351  771.76496   14.69190    0.02736   0.015504   0.015366   0.031558
     375 -160.46080  110.22916   -0.86699   0.015587   0.015576   0.031593
     422  347.24124  -81.50130   -1.29038   0.015576   0.015520   0.031692
     492 -172.58716   81.76359   -0.72381   0.015410   0.015370   0.031458
     552  795.56446   -2.39596   -0.19050   0.015657   0.015570   0.031603
     563  387.28831  413.69815   -1.07261   0.015306   0.015180   0.031671
     607  722.96365  365.30038   -0.18468   0.015285   0.015223   0.031436
     634  662.39955  416.48951   -0.07753   0.015274   0.015225   0.031485
     651  579.95387  169.15733   -0.67670   0.015220   0.015195   0.031571

   0      492 1431.0000 1037.0000  1.00000  1.00000
   0      317 1453.6667 1012.3333  1.00000  1.00000
   0      333 4039.0000 7293.3333  1.00000  1.00000
   0      563 4984.0000 7714.3333  1.00000  1.00000
   0      651 2043.7778 9819.7069  1.00000  1.00000
   0      351  148.6667 11965.6667  1.00000  1.00000
   0      607 4245.3951 11587.6550  1.00000  1.00000
   0      634 4870.8049 10911.3411  1.00000  1.00000
   0      347 5892.0519 11172.1777  1.00000  1.00000
   1      317 4060.0000  912.3333  1.00000  1.00000
   1      492 4034.3333  937.3333  1.00000  1.00000
   1      375 4354.7975 1106.0428  1.00000  1.00000
   1      422 1672.0000 6836.0000  1.00000  1.00000
   1      333 6455.6593 7294.8080  1.00000  1.00000
   1      563 7392.6000 7745.8755  1.00000  1.00000
   1      651 4377.0395 9766.5071  1.00000  1.00000
   1      351 2409.1556 11859.1323  1.00000  1.00000
   1      552 2189.3802 12119.3787  1.00000  1.00000
   1      607 6530.8988 11607.8742  1.00000  1.00000
   1      634 7180.1704 10949.7925  1.00000  1.00000
   1      347 8197.3333 11243.6667  1.00000  1.00000

   1    1      317 
   2    1      333 
   3    1      347 
   4    1      351 
   5    1      375 
   6    1      422 
   7    1      492 
   8    1      552 
   9    1      563 
  10    1      607 
  11    1      634 
  12    1      651 

   0    1
   0    2
   0    3
   0    4
   0    7
   0    9
   0   10
   0   11
   0   12
   1    1
   1    2
   1    3
   1    4
   1    5
   1    6
   1    7
   1    8
   1    9
   1   10
   1   11
   1   12

