Bundle Soln 
 0.000500 20 5184 3456
 1.00000  0.10000 10.00000 100.00000 100.00000 100.00000 20.00000 20.00000 20.00000
20.6817 11.3370  7.8453 22.66406 15.11300 0.00020 -0.00000 0.00000 -0.00004 0.00003
 0.00000  0.02266  0.01511 0.500000 0.500000 0.001000 0.000100 0.000100 0.001000 0.001000
   0 c:\grusswin\pg9_tools\pg_photomodeler\projects\2013-calib-sncf-d7-assali\2.images\calibration_1.jpg
   0   -0.001    0.001   -0.001    0.496   -4.629    1.786
   0   0.0000   0.0000   0.0002   0.0008   0.0116   0.0093

   0  20.682  11.337   7.845 22.66406 15.11300 0.00020 -0.00000 0.00000 -0.00004 0.00003
   0  0.00000  0.02266  0.01511 0.500000 0.500000 0.001000 0.000100 0.000100 0.001000 0.001000
   1 c:\grusswin\pg9_tools\pg_photomodeler\projects\2013-calib-sncf-d7-assali\2.images\calibration_10.jpg
   1    0.007   -0.010   -0.046   92.184   -7.967    7.856
   1   0.0000   0.0000   0.0001   0.0019   0.0092   0.0118

   1  20.682  11.337   7.845 22.66406 15.11300 0.00020 -0.00000 0.00000 -0.00004 0.00003
   1  0.00000  0.02266  0.01511 0.500000 0.500000 0.001000 0.000100 0.000100 0.001000 0.001000
   2 c:\grusswin\pg9_tools\pg_photomodeler\projects\2013-calib-sncf-d7-assali\2.images\calibration_2.jpg
   2   -0.001    0.001   -0.001   -0.008   -0.081   -0.031
   2   0.0000   0.0000   0.0002   0.0007   0.0114   0.0092

   2  20.682  11.337   7.845 22.66406 15.11300 0.00020 -0.00000 0.00000 -0.00004 0.00003
   2  0.00000  0.02266  0.01511 0.500000 0.500000 0.001000 0.000100 0.000100 0.001000 0.001000
   3 c:\grusswin\pg9_tools\pg_photomodeler\projects\2013-calib-sncf-d7-assali\2.images\calibration_3.jpg
   3   -0.235   -0.000    0.024   -0.139  -20.658   -0.261
   3   0.0001   0.0000   0.0002   0.0036   0.0117   0.0098

   3  20.682  11.337   7.845 22.66406 15.11300 0.00020 -0.00000 0.00000 -0.00004 0.00003
   3  0.00000  0.02266  0.01511 0.500000 0.500000 0.001000 0.000100 0.000100 0.001000 0.001000
   4 c:\grusswin\pg9_tools\pg_photomodeler\projects\2013-calib-sncf-d7-assali\2.images\calibration_4.jpg
   4    0.143   -0.002    0.069   -0.526   10.553    1.441
   4   0.0001   0.0000   0.0002   0.0019   0.0116   0.0095

   4  20.682  11.337   7.845 22.66406 15.11300 0.00020 -0.00000 0.00000 -0.00004 0.00003
   4  0.00000  0.02266  0.01511 0.500000 0.500000 0.001000 0.000100 0.000100 0.001000 0.001000
   5 c:\grusswin\pg9_tools\pg_photomodeler\projects\2013-calib-sncf-d7-assali\2.images\calibration_5.jpg
   5    0.093    0.002   -0.044   -0.888    6.397    1.773
   5   0.0000   0.0000   0.0001   0.0013   0.0115   0.0093

   5  20.682  11.337   7.845 22.66406 15.11300 0.00020 -0.00000 0.00000 -0.00004 0.00003
   5  0.00000  0.02266  0.01511 0.500000 0.500000 0.001000 0.000100 0.000100 0.001000 0.001000
   6 c:\grusswin\pg9_tools\pg_photomodeler\projects\2013-calib-sncf-d7-assali\2.images\calibration_6.jpg
   6   -0.306   -0.011    0.003   95.012  -27.709    8.520
   6   0.0001   0.0000   0.0001   0.0067   0.0097   0.0133

   6  20.682  11.337   7.845 22.66406 15.11300 0.00020 -0.00000 0.00000 -0.00004 0.00003
   6  0.00000  0.02266  0.01511 0.500000 0.500000 0.001000 0.000100 0.000100 0.001000 0.001000
   7 c:\grusswin\pg9_tools\pg_photomodeler\projects\2013-calib-sncf-d7-assali\2.images\calibration_7.jpg
   7   -0.043    0.003   -0.070    0.681   -0.883    2.422
   7   0.0000   0.0000   0.0001   0.0009   0.0114   0.0093

   7  20.682  11.337   7.845 22.66406 15.11300 0.00020 -0.00000 0.00000 -0.00004 0.00003
   7  0.00000  0.02266  0.01511 0.500000 0.500000 0.001000 0.000100 0.000100 0.001000 0.001000
   8 c:\grusswin\pg9_tools\pg_photomodeler\projects\2013-calib-sncf-d7-assali\2.images\calibration_8.jpg
   8    0.098    0.003   -0.088    0.439   12.218    2.551
   8   0.0000   0.0000   0.0001   0.0019   0.0114   0.0095

   8  20.682  11.337   7.845 22.66406 15.11300 0.00020 -0.00000 0.00000 -0.00004 0.00003
   8  0.00000  0.02266  0.01511 0.500000 0.500000 0.001000 0.000100 0.000100 0.001000 0.001000
   9 c:\grusswin\pg9_tools\pg_photomodeler\projects\2013-calib-sncf-d7-assali\2.images\calibration_9.jpg
   9    0.245    0.007   -0.243    0.203   27.979    2.289
   9   0.0001   0.0000   0.0001   0.0053   0.0117   0.0108

   9  20.682  11.337   7.845 22.66406 15.11300 0.00020 -0.00000 0.00000 -0.00004 0.00003
   9  0.00000  0.02266  0.01511 0.500000 0.500000 0.001000 0.000100 0.000100 0.001000 0.001000


      43   -0.11068   -0.13536   -0.74473   0.000018   0.000022   0.000045
      44   -0.11052   -0.07617   -0.74337   0.000019   0.000015   0.000045
      45   -0.11061    0.04390   -0.74005   0.000019   0.000008   0.000045
      46   -0.11078    0.10339   -0.73886   0.000018   0.000012   0.000044
      42   -0.11824   -0.12920   -0.97045   0.000019   0.000016   0.000075
      41   -0.11706   -0.01120   -0.96717   0.000019   0.000010   0.000075
      40   -0.11718    0.10976   -0.96334   0.000019   0.000014   0.000075
      29   -0.11061    0.14288   -0.93328   0.000019   0.000016   0.000070
      47   -0.08514    0.15213   -0.73732   0.000016   0.000017   0.000044
      55   -0.12131   -0.12372   -1.22497   0.000026   0.000021   0.000136
      56   -0.12087   -0.00295   -1.22162   0.000027   0.000012   0.000140
      57   -0.12069    0.11644   -1.21807   0.000027   0.000019   0.000141
      52   -0.02333    0.14643   -0.50208   0.000013   0.000021   0.000018
      60   -0.02216   -0.12227   -1.22841   0.000018   0.000020   0.000136
      59   -0.02174   -0.00220   -1.22519   0.000018   0.000012   0.000139
      58   -0.02097    0.11589   -1.22161   0.000018   0.000019   0.000141
      30   -0.01008    0.14292   -0.93728   0.000010   0.000014   0.000056
      48    0.02546    0.15224   -0.74147   0.000010   0.000017   0.000045
      61    0.07763   -0.12182   -1.23176   0.000014   0.000018   0.000110
      62    0.07701   -0.00246   -1.22853   0.000014   0.000012   0.000111
      63    0.07728    0.11637   -1.22536   0.000014   0.000016   0.000113
      31    0.08550    0.14242   -0.94112   0.000010   0.000013   0.000048
      66    0.17711   -0.12335   -1.23505   0.000024   0.000018   0.000122
      65    0.17718   -0.00448   -1.23204   0.000025   0.000012   0.000123
      64    0.17783    0.11506   -1.22909   0.000026   0.000017   0.000125
      51    0.08735    0.14644   -0.50501   0.000021   0.000022   0.000025
      39    0.19112   -0.13063   -0.98286   0.000022   0.000016   0.000078
      38    0.19170   -0.01401   -0.98031   0.000021   0.000010   0.000077
      37    0.19118    0.10847   -0.97694   0.000023   0.000016   0.000099
      32    0.18639    0.14235   -0.94528   0.000021   0.000016   0.000072
      49    0.17094    0.15167   -0.74965   0.000022   0.000016   0.000037
      36    0.19775   -0.13684   -0.75907   0.000026   0.000021   0.000041
      35    0.19808   -0.07877   -0.75843   0.000026   0.000015   0.000040
      34    0.19772    0.03990   -0.75469   0.000025   0.000007   0.000039
      33    0.19756    0.10169   -0.75223   0.000025   0.000011   0.000038
      50    0.19848    0.14692   -0.50767   0.000040   0.000022   0.000026
       9    0.23105   -0.14196   -0.58932   0.000043   0.000030   0.000037
       8    0.23178   -0.08448   -0.58787   0.000043   0.000021   0.000028
       5    0.23169   -0.02832   -0.58638   0.000043   0.000012   0.000028
       4    0.23183    0.03437   -0.58465   0.000042   0.000007   0.000027
       1    0.23234    0.09773   -0.58278   0.000041   0.000013   0.000026
      54   -0.20112    0.14623   -0.50052   0.000037   0.000022   0.000022
      53   -0.13610    0.14637   -0.50096   0.000026   0.000021   0.000016
      11   -0.13609    0.14839   -0.56527   0.000024   0.000019   0.000019
      17   -0.17076    0.12448   -0.56465   0.000029   0.000016   0.000020
      12   -0.13688    0.09854   -0.56668   0.000025   0.000012   0.000019
      21   -0.30379    0.11241   -0.72113   0.000056   0.000020   0.000094
      22   -0.23934    0.11317   -0.72346   0.000033   0.000016   0.000057
       2    0.30408    0.09809   -0.58506   0.000053   0.000015   0.000039
      13   -0.13795    0.03880   -0.56828   0.000025   0.000007   0.000019
       3    0.30420    0.03468   -0.58682   0.000053   0.000009   0.000040
      23   -0.23958    0.03064   -0.72580   0.000034   0.000009   0.000057
      24   -0.30378    0.02957   -0.72346   0.000056   0.000010   0.000095
      14   -0.13654   -0.02194   -0.56998   0.000025   0.000011   0.000020
       6    0.30451   -0.02829   -0.58853   0.000054   0.000013   0.000040
      26   -0.23982   -0.03724   -0.72783   0.000034   0.000012   0.000058
      25   -0.30363   -0.03769   -0.72548   0.000057   0.000013   0.000095
      15   -0.13809   -0.07502   -0.57138   0.000026   0.000019   0.000020
       7    0.30464   -0.08483   -0.59017   0.000055   0.000021   0.000040
      28   -0.30328   -0.11247   -0.72735   0.000056   0.000024   0.000095
      27   -0.24022   -0.11417   -0.72964   0.000035   0.000021   0.000058
      10    0.30350   -0.14187   -0.59172   0.000058   0.000030   0.000049
      16   -0.13848   -0.14059   -0.57309   0.000026   0.000029   0.000022
      18   -0.26209    0.12401   -0.56152   0.000043   0.000019   0.000031
      20   -0.29494   -0.14053   -0.56779   0.000051   0.000030   0.000036
      19   -0.30594    0.14141   -0.55969   0.000050   0.000023   0.000034

   0       54  313.6739  539.3845  0.00000  0.00000
   0       53  939.2495  550.0785  0.00000  0.00000
   0       52 2010.4076  574.2395  0.00000  0.00000
   0       51 3029.9975  610.5482  0.00000  0.00000
   0       50 4002.4994  647.7826  0.00000  0.00000
   0       11 1083.2655  690.6311  0.00000  0.00000
   0       17  781.8454  883.4753  0.00000  0.00000
   0       47 1675.0237  962.2928  0.00000  0.00000
   0       48 2383.9591  980.3006  0.00000  0.00000
   0       49 3279.1103 1015.0005  0.00000  0.00000
   0       12 1069.0459 1107.4928  0.00000  0.00000
   0       21  198.0650 1181.0575  0.00000  0.00000
   0       22  636.1020 1183.5285  0.00000  0.00000
   0        1 4041.0914 1193.2949  0.00000  0.00000
   0        2 4561.0338 1206.7927  0.00000  0.00000
   0       29 1655.3521 1211.3714  0.00000  0.00000
   0       30 2168.0977 1221.9739  0.00000  0.00000
   0       31 2645.8511 1235.6253  0.00000  0.00000
   0       32 3137.7039 1248.4179  0.00000  0.00000
   0       46 1504.5762 1272.5316  0.00000  0.00000
   0       33 3436.4524 1326.3586  0.00000  0.00000
   0       40 1637.4827 1396.1652  0.00000  0.00000
   0       37 3130.5787 1431.0846  0.00000  0.00000
   0       57 1743.5651 1483.5839  0.00000  0.00000
   0       58 2134.0552 1491.8011  0.00000  0.00000
   0       63 2513.2404 1496.1496  0.00000  0.00000
   0       64 2894.4403 1507.8017  0.00000  0.00000
   0       13 1052.8298 1610.1774  0.00000  0.00000
   0       45 1500.7562 1655.5745  0.00000  0.00000
   0        4 4034.9860 1687.1410  0.00000  0.00000
   0        3 4560.4070 1692.0692  0.00000  0.00000
   0       34 3433.8410 1705.9168  0.00000  0.00000
   0       23  627.1133 1729.7585  0.00000  0.00000
   0       24  190.4248 1732.5992  0.00000  0.00000
   0       56 1738.3599 1950.1834  0.00000  0.00000
   0       59 2126.9616 1949.7359  0.00000  0.00000
   0       62 2508.3152 1953.1796  0.00000  0.00000
   0       65 2888.5123 1963.0207  0.00000  0.00000
   0       41 1632.4141 1994.1494  0.00000  0.00000
   0       38 3128.5878 2014.9439  0.00000  0.00000
   0       14 1060.2704 2122.8751  0.00000  0.00000
   0        6 4559.1476 2175.0459  0.00000  0.00000
   0        5 4029.8587 2176.7870  0.00000  0.00000
   0       26  621.9265 2179.7732  0.00000  0.00000
   0       25  187.9087 2181.1327  0.00000  0.00000
   0       61 2506.9199 2411.9143  0.00000  0.00000
   0       60 2121.8457 2415.0264  0.00000  0.00000
   0       66 2884.3491 2415.7419  0.00000  0.00000
   0       55 1733.5583 2421.5990  0.00000  0.00000
   0       44 1495.4416 2430.4957  0.00000  0.00000
   0       35 3428.5799 2434.0445  0.00000  0.00000
   0       15 1044.9149 2570.0985  0.00000  0.00000
   0       39 3121.0995 2570.4882  0.00000  0.00000
   0       42 1623.0656 2576.4346  0.00000  0.00000
   0        7 4554.4550 2607.8994  0.00000  0.00000
   0        8 4025.1686 2614.3716  0.00000  0.00000
   0       28  187.7140 2679.2850  0.00000  0.00000
   0       27  616.7154 2689.0649  0.00000  0.00000
   0       36 3423.6413 2789.7788  0.00000  0.00000
   0       43 1492.8012 2810.9271  0.00000  0.00000
   0       10 4539.1834 3042.8459  0.00000  0.00000
   0        9 4013.4571 3060.6350  0.00000  0.00000
   0       16 1041.1859 3119.5593  0.00000  0.00000
   1       43 1083.7507  236.2336  0.00000  0.00000
   1       44 1511.0024  257.5406  0.00000  0.00000
   1       45 2360.7171  299.7563  0.00000  0.00000
   1       46 2771.3528  322.1043  0.00000  0.00000
   1       42 1337.7600  415.5299  0.00000  0.00000
   1       41 1971.5811  450.5048  0.00000  0.00000
   1       40 2607.9941  481.4572  0.00000  0.00000
   1       29 2804.5182  506.3662  0.00000  0.00000
   1       47 3093.9192  520.0596  0.00000  0.00000
   1       55 1498.6595  556.5971  0.00000  0.00000
   1       56 2004.0723  580.3966  0.00000  0.00000
   1       57 2495.5248  604.1372  0.00000  0.00000
   1       52 3566.4775  864.0093  0.00000  0.00000
   1       60 1500.7378  973.7624  0.00000  0.00000
   1       59 1996.9936  993.3761  0.00000  0.00000
   1       58 2477.3125 1015.0319  0.00000  0.00000
   1       30 2778.4152 1049.5563  0.00000  0.00000
   1       48 3051.8184 1275.4172  0.00000  0.00000
   1       61 1499.5723 1383.6528  0.00000  0.00000
   1       62 1986.5958 1395.3316  0.00000  0.00000
   1       63 2463.9787 1410.9574  0.00000  0.00000
   1       31 2751.4125 1550.4822  0.00000  0.00000
   1       66 1491.7458 1781.8617  0.00000  0.00000
   1       65 1970.2021 1792.7479  0.00000  0.00000
   1       64 2443.8526 1805.7814  0.00000  0.00000
   1       51 3488.6439 1961.3799  0.00000  0.00000
   1       39 1329.9182 2029.9387  0.00000  0.00000
   1       38 1923.3643 2043.0683  0.00000  0.00000
   1       37 2534.4367 2051.3612  0.00000  0.00000
   1       32 2725.9184 2060.9815  0.00000  0.00000
   1       49 2988.8892 2212.5973  0.00000  0.00000
   1       36 1095.7293 2355.3750  0.00000  0.00000
   1       35 1484.1744 2361.2617  0.00000  0.00000
   1       34 2263.7113 2369.4637  0.00000  0.00000
   1       33 2662.0300 2373.8335  0.00000  0.00000
   1       50 3414.9078 2982.6289  0.00000  0.00000
   1        9  797.9086 3004.7582  0.00000  0.00000
   1        8 1294.7091 3012.4591  0.00000  0.00000
   1        5 1773.6472 3012.8356  0.00000  0.00000
   1        4 2300.0874 3013.5113  0.00000  0.00000
   1        1 2821.2563 3015.4114  0.00000  0.00000
   2       52 2380.1839  423.9943  0.00000  0.00000
   2       53 1326.2449  428.4780  0.00000  0.00000
   2       51 3411.4824  434.5213  0.00000  0.00000
   2       50 4422.7217  447.3733  0.00000  0.00000
   2       54  726.0111  435.5233  0.00000  0.00000
   2       11 1467.6832  564.4864  0.00000  0.00000
   2       17 1179.4138  762.8371  0.00000  0.00000
   2       18  424.5419  768.6347  0.00000  0.00000
   2       47 2050.3946  822.3137  0.00000  0.00000
   2       48 2756.8686  826.0563  0.00000  0.00000
   2       49 3667.1199  843.7189  0.00000  0.00000
   2       12 1460.7974  978.0641  0.00000  0.00000
   2        1 4461.8036 1012.0375  0.00000  0.00000
   2        2 5014.3941 1016.6966  0.00000  0.00000
   2       22 1043.8983 1061.9662  0.00000  0.00000
   2       21  627.8762 1067.8703  0.00000  0.00000
   2       29 2033.6038 1071.7224  0.00000  0.00000
   2       30 2542.2088 1073.7488  0.00000  0.00000
   2       31 3022.1796 1079.5882  0.00000  0.00000
   2       32 3522.1810 1084.7225  0.00000  0.00000
   2       46 1887.1651 1134.6683  0.00000  0.00000
   2       33 3830.4233 1159.0538  0.00000  0.00000
   2       40 2018.2630 1255.9953  0.00000  0.00000
   2       37 3515.7472 1270.5233  0.00000  0.00000
   2       57 2123.2180 1341.8405  0.00000  0.00000
   2       58 2510.2642 1344.9059  0.00000  0.00000
   2       63 2889.7492 1344.5116  0.00000  0.00000
   2       64 3274.8651 1351.4633  0.00000  0.00000
   2       13 1453.1244 1474.2288  0.00000  0.00000
   2       45 1888.4504 1514.6304  0.00000  0.00000
   2        4 4454.5181 1520.5988  0.00000  0.00000
   2        3 5011.0144 1520.9144  0.00000  0.00000
   2       34 3828.7989 1545.8277  0.00000  0.00000
   2       23 1044.8094 1597.0806  0.00000  0.00000
   2       24  631.5113 1604.4441  0.00000  0.00000
   2       59 2507.5760 1801.9496  0.00000  0.00000
   2       62 2888.2364 1802.9472  0.00000  0.00000
   2       56 2123.5982 1804.9269  0.00000  0.00000
   2       65 3271.3022 1810.6587  0.00000  0.00000
   2       41 2020.5084 1848.8642  0.00000  0.00000
   2       38 3516.0956 1861.4006  0.00000  0.00000
   2       14 1467.6996 1977.6201  0.00000  0.00000
   2        6 5006.9725 2019.7736  0.00000  0.00000
   2        5 4448.4289 2022.0363  0.00000  0.00000
   2       26 1047.5767 2035.5888  0.00000  0.00000
   2       25  637.8376 2038.5448  0.00000  0.00000
   2       61 2889.6284 2261.1062  0.00000  0.00000
   2       60 2506.2863 2264.1931  0.00000  0.00000
   2       66 3268.9430 2265.0017  0.00000  0.00000
   2       55 2123.5964 2270.7912  0.00000  0.00000
   2       44 1892.6358 2278.8076  0.00000  0.00000
   2       35 3824.4317 2283.5097  0.00000  0.00000
   2       15 1459.1960 2414.4732  0.00000  0.00000
   2       39 3509.8478 2420.4363  0.00000  0.00000
   2       42 2017.7196 2422.7182  0.00000  0.00000
   2        7 4999.5429 2464.6159  0.00000  0.00000
   2        8 4442.5954 2467.9449  0.00000  0.00000
   2       28  647.3111 2518.0539  0.00000  0.00000
   2       27 1051.0619 2529.2438  0.00000  0.00000
   2       36 3819.6505 2641.8010  0.00000  0.00000
   2       43 1894.2200 2651.8323  0.00000  0.00000
   2       10 4981.1309 2909.7649  0.00000  0.00000
   2        9 4428.9043 2920.5644  0.00000  0.00000
   2       20  185.7842 2946.3721  0.00000  0.00000
   2       16 1462.9044 2948.2257  0.00000  0.00000
   2       19   63.3655  625.6805  0.00000  0.00000
   3       54 1171.3751  414.1958  0.00000  0.00000
   3       53 1769.4506  466.6668  0.00000  0.00000
   3       19  176.7355  517.8094  0.00000  0.00000
   3       52 2698.8558  555.5092  0.00000  0.00000
   3       11 1672.0821  584.5381  0.00000  0.00000
   3       51 3482.7684  640.6345  0.00000  0.00000
   3       18  591.3689  701.6659  0.00000  0.00000
   3       50 4163.6414  714.0600  0.00000  0.00000
   3       17 1389.0090  754.7297  0.00000  0.00000
   3       49 3175.5908  947.0414  0.00000  0.00000
   3       12 1661.9947  982.9477  0.00000  0.00000
   3       22  803.7196 1016.5739  0.00000  0.00000
   3       30 1974.6081 1084.4978  0.00000  0.00000
   3       31 2405.5514 1110.6554  0.00000  0.00000
   3       32 2828.3425 1135.3940  0.00000  0.00000
   3        1 4024.8985 1144.7875  0.00000  0.00000
   3        2 4377.2822 1167.2116  0.00000  0.00000
   3       33 3297.1984 1225.7346  0.00000  0.00000
   3       37 2792.7423 1300.6452  0.00000  0.00000
   3       63 2045.7875 1343.6760  0.00000  0.00000
   3       64 2393.9400 1360.2475  0.00000  0.00000
   3       13 1650.0712 1461.2786  0.00000  0.00000
   3        4 4016.2582 1550.7322  0.00000  0.00000
   3        3 4371.7262 1557.6365  0.00000  0.00000
   3       34 3292.3089 1557.6693  0.00000  0.00000
   3       23  800.3742 1568.7811  0.00000  0.00000
   3       62 2042.1251 1781.9748  0.00000  0.00000
   3       65 2388.6987 1788.7097  0.00000  0.00000
   3       38 2789.7028 1832.8508  0.00000  0.00000
   3        6 4365.9682 1943.9970  0.00000  0.00000
   3       14 1659.4223 1946.7659  0.00000  0.00000
   3        5 4008.6789 1951.4002  0.00000  0.00000
   3       26  799.6038 2021.2675  0.00000  0.00000
   3       35 3284.2274 2191.1726  0.00000  0.00000
   3       66 2385.6970 2212.7797  0.00000  0.00000
   3       61 2042.4989 2219.9900  0.00000  0.00000
   3        7 4358.3464 2289.2335  0.00000  0.00000
   3        8 4002.0704 2308.1611  0.00000  0.00000
   3       39 2783.1851 2336.5696  0.00000  0.00000
   3       15 1646.8707 2368.4790  0.00000  0.00000
   3       36 3280.3080 2499.3159  0.00000  0.00000
   3       27  800.4124 2530.5199  0.00000  0.00000
   3       10 4344.0172 2635.3826  0.00000  0.00000
   3        9 3990.0505 2671.1780  0.00000  0.00000
   3       16 1645.0589 2883.6829  0.00000  0.00000
   3       20  295.5729 2994.9651  0.00000  0.00000
   4       50 3930.0661  662.5793  0.00000  0.00000
   4       51 3001.8097  702.9682  0.00000  0.00000
   4       52 2125.3332  742.0798  0.00000  0.00000
   4       53 1296.2886  788.6031  0.00000  0.00000
   4       11 1496.4452  876.8548  0.00000  0.00000
   4       19  436.1832  974.1497  0.00000  0.00000
   4       49 3630.7725 1008.2254  0.00000  0.00000
   4       48 2780.6705 1026.3118  0.00000  0.00000
   4       47 2160.6719 1047.2768  0.00000  0.00000
   4       17 1271.5552 1050.6853  0.00000  0.00000
   4       18  699.7954 1077.5143  0.00000  0.00000
   4        2 4699.2547 1145.5857  0.00000  0.00000
   4        1 4143.3536 1160.0270  0.00000  0.00000
   4       12 1493.0078 1221.2768  0.00000  0.00000
   4       32 3675.7549 1222.8568  0.00000  0.00000
   4       31 3194.7241 1232.8822  0.00000  0.00000
   4       30 2748.9054 1241.0535  0.00000  0.00000
   4       29 2292.3485 1252.7895  0.00000  0.00000
   4       22 1320.3703 1283.0799  0.00000  0.00000
   4       21  991.4571 1297.3998  0.00000  0.00000
   4       33 3793.6851 1297.4024  0.00000  0.00000
   4       46 2024.6014 1325.4993  0.00000  0.00000
   4       37 3694.2460 1398.3253  0.00000  0.00000
   4       40 2296.9851 1417.9547  0.00000  0.00000
   4       64 3600.8005 1473.9144  0.00000  0.00000
   4       63 3226.0395 1475.0088  0.00000  0.00000
   4       58 2866.2682 1482.7745  0.00000  0.00000
   4       57 2508.6472 1487.1709  0.00000  0.00000
   4        3 4706.4054 1625.3264  0.00000  0.00000
   4        4 4145.0393 1634.0823  0.00000  0.00000
   4       13 1488.9597 1635.3231  0.00000  0.00000
   4       45 2027.6336 1658.2888  0.00000  0.00000
   4       34 3798.4311 1661.0079  0.00000  0.00000
   4       23 1322.7391 1738.2393  0.00000  0.00000
   4       24  994.9383 1747.9096  0.00000  0.00000
   4       62 3229.2640 1911.1407  0.00000  0.00000
   4       59 2867.8365 1911.8462  0.00000  0.00000
   4       56 2512.3334 1916.1955  0.00000  0.00000
   4       65 3602.7710 1916.7699  0.00000  0.00000
   4       41 2303.2319 1954.8780  0.00000  0.00000
   4       38 3702.4402 1962.7557  0.00000  0.00000
   4       14 1502.4525 2056.6337  0.00000  0.00000
   4        6 4712.8453 2102.4228  0.00000  0.00000
   4        5 4147.8506 2103.1822  0.00000  0.00000
   4       26 1326.0278 2112.8224  0.00000  0.00000
   4       25 1000.2683 2113.8314  0.00000  0.00000
   4       44 2035.4502 2330.9022  0.00000  0.00000
   4       60 2870.1216 2347.4487  0.00000  0.00000
   4       61 3234.9094 2348.6416  0.00000  0.00000
   4       55 2515.0662 2349.4828  0.00000  0.00000
   4       66 3605.5977 2356.6643  0.00000  0.00000
   4       35 3805.5514 2357.8829  0.00000  0.00000
   4       15 1497.2223 2424.0678  0.00000  0.00000
   4       42 2303.8517 2477.2443  0.00000  0.00000
   4       39 3703.0766 2499.4593  0.00000  0.00000
   4       28 1007.5101 2519.9283  0.00000  0.00000
   4        8 4150.0530 2522.2088  0.00000  0.00000
   4        7 4715.2495 2529.7485  0.00000  0.00000
   4       27 1329.3110 2536.4425  0.00000  0.00000
   4       43 2038.3076 2661.2113  0.00000  0.00000
   4       36 3805.0440 2698.2120  0.00000  0.00000
   4       20  522.5392 2839.1539  0.00000  0.00000
   4       16 1501.7146 2875.5452  0.00000  0.00000
   4        9 4145.5040 2949.0219  0.00000  0.00000
   4       54  848.4197  816.4316  0.00000  0.00000
   5       50 4186.5640  424.7413  0.00000  0.00000
   5       51 3041.2449  465.3645  0.00000  0.00000
   5       52 1937.1307  508.7941  0.00000  0.00000
   5       53  878.1689  565.5989  0.00000  0.00000
   5       11 1134.5081  704.0039  0.00000  0.00000
   5       17  853.1243  917.6369  0.00000  0.00000
   5       49 3635.2508  914.6272  0.00000  0.00000
   5       48 2653.8207  931.0846  0.00000  0.00000
   5       18  131.3726  950.1556  0.00000  0.00000
   5       47 1924.9628  953.6867  0.00000  0.00000
   5        2 5010.1149 1042.2973  0.00000  0.00000
   5        1 4359.7366 1057.7952  0.00000  0.00000
   5       12 1130.6211 1127.6576  0.00000  0.00000
   5       32 3608.8329 1181.9046  0.00000  0.00000
   5       31 3073.2188 1192.1906  0.00000  0.00000
   5       30 2571.0104 1200.8005  0.00000  0.00000
   5       29 2051.4174 1213.8337  0.00000  0.00000
   5       22  923.2094 1229.3129  0.00000  0.00000
   5       21  526.0142 1246.5193  0.00000  0.00000
   5       33 3823.3399 1247.3603  0.00000  0.00000
   5       46 1764.4473 1279.6364  0.00000  0.00000
   5       37 3621.0251 1379.1815  0.00000  0.00000
   5       40 2054.1680 1402.7520  0.00000  0.00000
   5       64 3460.5926 1471.9742  0.00000  0.00000
   5       63 3054.4980 1473.9465  0.00000  0.00000
   5       58 2661.1390 1483.1259  0.00000  0.00000
   5       57 2266.8830 1488.8058  0.00000  0.00000
   5        3 5023.7563 1611.3630  0.00000  0.00000
   5        4 4366.4979 1624.0603  0.00000  0.00000
   5       13 1126.8376 1638.1006  0.00000  0.00000
   5       34 3831.5114 1665.2523  0.00000  0.00000
   5       45 1769.5500 1670.5231  0.00000  0.00000
   5       23  927.4441 1768.6874  0.00000  0.00000
   5       24  531.4200 1781.9891  0.00000  0.00000
   5       62 3060.8577 1950.3214  0.00000  0.00000
   5       65 3465.9416 1953.4027  0.00000  0.00000
   5       59 2665.2810 1953.9636  0.00000  0.00000
   5       56 2273.2123 1961.4957  0.00000  0.00000
   5       38 3634.1985 2006.8405  0.00000  0.00000
   5       41 2063.9880 2010.2947  0.00000  0.00000
   5       14 1145.8322 2158.1947  0.00000  0.00000
   5        6 5035.7872 2177.7926  0.00000  0.00000
   5        5 4373.8949 2185.5298  0.00000  0.00000
   5       26  933.1197 2212.9278  0.00000  0.00000
   5       25  539.3386 2217.4076  0.00000  0.00000
   5       61 3070.1397 2428.5012  0.00000  0.00000
   5       60 2670.8289 2432.2513  0.00000  0.00000
   5       66 3472.2459 2431.9725  0.00000  0.00000
   5       55 2279.0889 2439.2222  0.00000  0.00000
   5       44 1782.6748 2461.4599  0.00000  0.00000
   5       35 3844.5190 2466.9900  0.00000  0.00000
   5       42 2068.0458 2601.8483  0.00000  0.00000
   5       39 3639.0154 2604.2630  0.00000  0.00000
   5       15 1141.7496 2611.9726  0.00000  0.00000
   5        7 5042.3263 2685.6599  0.00000  0.00000
   5        8 4379.8732 2687.0893  0.00000  0.00000
   5       28  550.2580 2700.7669  0.00000  0.00000
   5       27  939.7381 2715.4471  0.00000  0.00000
   5       43 1788.7443 2849.7064  0.00000  0.00000
   5       36 3846.8893 2858.5547  0.00000  0.00000
   5       16 1151.1216 3169.2114  0.00000  0.00000
   5       10 5035.5176 3196.0593  0.00000  0.00000
   5        9 4377.2775 3198.1487  0.00000  0.00000
   5       54  301.3476  599.9509  0.00000  0.00000
   6       54 3457.1412  489.4612  0.00000  0.00000
   6       17 3107.5400  607.7330  0.00000  0.00000
   6       16  919.4607  753.4427  0.00000  0.00000
   6       15 1465.7989  780.5679  0.00000  0.00000
   6       14 1902.3272  812.9738  0.00000  0.00000
   6       13 2394.9508  826.3480  0.00000  0.00000
   6       12 2869.1969  859.5151  0.00000  0.00000
   6       11 3256.1878  887.2196  0.00000  0.00000
   6       53 3368.5516 1055.2237  0.00000  0.00000
   6       66 1570.6419 1215.2200  0.00000  0.00000
   6       65 2004.3169 1232.3172  0.00000  0.00000
   6       64 2434.1387 1251.8751  0.00000  0.00000
   6       31 2688.3518 1348.9966  0.00000  0.00000
   6       39 1448.2459 1670.7308  0.00000  0.00000
   6       38 1958.9280 1688.0968  0.00000  0.00000
   6       32 2647.5306 1750.5876  0.00000  0.00000
   6       52 3231.0026 1905.0471  0.00000  0.00000
   6       49 2823.0256 2154.1200  0.00000  0.00000
   6       36 1292.4813 2233.9166  0.00000  0.00000
   6       35 1603.5823 2239.8622  0.00000  0.00000
   6       34 2230.1948 2253.5933  0.00000  0.00000
   6       33 2551.7112 2261.7443  0.00000  0.00000
   6       51 3112.5556 2594.8533  0.00000  0.00000
   6        9 1134.5311 2988.7747  0.00000  0.00000
   6        8 1495.9953 2996.3953  0.00000  0.00000
   6        5 1845.5016 2999.2736  0.00000  0.00000
   6        4 2231.1502 3002.7448  0.00000  0.00000
   6        1 2615.1509 3007.4930  0.00000  0.00000
   6       50 3014.7255 3177.2221  0.00000  0.00000
   6       10 1169.3764 3304.3690  0.00000  0.00000
   6        2 2582.9409 3310.5964  0.00000  0.00000
   6        7 1511.4148 3311.3599  0.00000  0.00000
   6        3 2215.9892 3311.7376  0.00000  0.00000
   6        6 1846.6635 3312.5590  0.00000  0.00000
   7       54  842.5429  432.7017  0.00000  0.00000
   7       53 1536.8626  436.2881  0.00000  0.00000
   7       52 2748.1582  453.8399  0.00000  0.00000
   7       51 3914.1172  489.5683  0.00000  0.00000
   7       50 5040.3777  524.5976  0.00000  0.00000
   7       11 1661.4766  614.9013  0.00000  0.00000
   7       18  468.1859  824.0709  0.00000  0.00000
   7       17 1329.3698  831.7125  0.00000  0.00000
   7       47 2235.4324  942.2321  0.00000  0.00000
   7       48 3006.7683  959.1402  0.00000  0.00000
   7       49 3987.6857  994.2771  0.00000  0.00000
   7       12 1644.4083 1079.5744  0.00000  0.00000
   7        1 4988.0504 1170.5387  0.00000  0.00000
   7       29 2159.3496 1226.2093  0.00000  0.00000
   7       30 2705.2750 1236.5355  0.00000  0.00000
   7       31 3217.5670 1250.2470  0.00000  0.00000
   7       32 3748.1234 1263.1812  0.00000  0.00000
   7       46 2050.3958 1280.4151  0.00000  0.00000
   7       33 4162.6456 1337.7101  0.00000  0.00000
   7       40 2133.8637 1424.5573  0.00000  0.00000
   7       37 3730.8916 1461.7883  0.00000  0.00000
   7       57 2204.5847 1522.5706  0.00000  0.00000
   7       58 2613.6294 1531.3856  0.00000  0.00000
   7       63 3013.2424 1536.1995  0.00000  0.00000
   7       64 3417.1430 1548.5917  0.00000  0.00000
   7       13 1624.3377 1642.0465  0.00000  0.00000
   7       45 2045.1938 1698.0242  0.00000  0.00000
   7        4 4983.2343 1736.0346  0.00000  0.00000
   7       34 4160.3602 1757.9844  0.00000  0.00000
   7       23 1109.7965 1776.1917  0.00000  0.00000
   7       24  648.7497 1777.8515  0.00000  0.00000
   7       56 2197.6710 2013.2269  0.00000  0.00000
   7       59 2604.9621 2014.7518  0.00000  0.00000
   7       62 3007.3155 2020.2611  0.00000  0.00000
   7       65 3410.5504 2032.5402  0.00000  0.00000
   7       41 2126.2820 2062.7361  0.00000  0.00000
   7       38 3728.7725 2093.1418  0.00000  0.00000
   7       14 1629.7583 2217.4673  0.00000  0.00000
   7       25  642.8997 2261.3632  0.00000  0.00000
   7       26 1101.5615 2263.8683  0.00000  0.00000
   7        5 4978.9314 2297.8555  0.00000  0.00000
   7       60 2597.6601 2506.6968  0.00000  0.00000
   7       61 3004.3013 2507.0987  0.00000  0.00000
   7       55 2190.1657 2509.8041  0.00000  0.00000
   7       66 3404.9867 2514.5634  0.00000  0.00000
   7       44 2035.6715 2544.8158  0.00000  0.00000
   7       35 4154.1322 2566.0363  0.00000  0.00000
   7       42 2113.1701 2685.2497  0.00000  0.00000
   7       39 3719.5348 2695.1694  0.00000  0.00000
   7       15 1610.0114 2719.6924  0.00000  0.00000
   7       28  639.2077 2798.7090  0.00000  0.00000
   7        8 4974.7040 2801.3696  0.00000  0.00000
   7       27 1092.7917 2816.3373  0.00000  0.00000
   7       43 2030.4910 2961.1199  0.00000  0.00000
   7       36 4148.4154 2961.8454  0.00000  0.00000
   7        9 4961.9090 3316.3890  0.00000  0.00000
   7       20  116.1259 3323.0038  0.00000  0.00000
   7       16 1601.7867 3336.7218  0.00000  0.00000
   7       19   60.6939  656.2911  0.00000  0.00000
   7       21  661.0652 1184.6038  0.00000  0.00000
   7       22 1122.8154 1185.4630  0.00000  0.00000
   8       50 4819.4847  343.8196  0.00000  0.00000
   8       51 3498.7960  396.5515  0.00000  0.00000
   8       52 2287.3555  448.6868  0.00000  0.00000
   8       53 1181.0069  514.3322  0.00000  0.00000
   8       54  602.1312  552.9755  0.00000  0.00000
   8       11 1469.0057  672.8315  0.00000  0.00000
   8       19  140.6587  792.7897  0.00000  0.00000
   8       17 1176.7541  895.3079  0.00000  0.00000
   8       18  460.4047  925.4107  0.00000  0.00000
   8       49 4163.8813  932.1272  0.00000  0.00000
   8       48 3092.2176  941.3979  0.00000  0.00000
   8       47 2321.9437  958.9007  0.00000  0.00000
   8        1 4999.6169 1078.5340  0.00000  0.00000
   8       12 1452.8398 1117.7021  0.00000  0.00000
   8       32 4128.7196 1231.7026  0.00000  0.00000
   8       31 3547.4598 1234.8961  0.00000  0.00000
   8       30 3013.0396 1236.5887  0.00000  0.00000
   8       29 2470.2469 1242.4494  0.00000  0.00000
   8       33 4366.7731 1297.2167  0.00000  0.00000
   8       46 2147.1304 1298.7440  0.00000  0.00000
   8       40 2470.8180 1439.6459  0.00000  0.00000
   8       37 4137.7185 1444.3769  0.00000  0.00000
   8       57 2703.8161 1536.9663  0.00000  0.00000
   8       63 3528.0906 1537.7420  0.00000  0.00000
   8       58 3113.5023 1539.2897  0.00000  0.00000
   8       64 3962.4181 1544.1087  0.00000  0.00000
   8       13 1433.8451 1655.4722  0.00000  0.00000
   8       45 2141.7318 1708.7963  0.00000  0.00000
   8        4 4994.9138 1719.6758  0.00000  0.00000
   8       34 4366.2716 1754.8762  0.00000  0.00000
   8       56 2698.0274 2026.2150  0.00000  0.00000
   8       59 3105.9614 2030.3119  0.00000  0.00000
   8       62 3523.1778 2038.4688  0.00000  0.00000
   8       65 3956.6053 2054.1898  0.00000  0.00000
   8       41 2464.6992 2072.2066  0.00000  0.00000
   8       38 4137.3676 2118.9339  0.00000  0.00000
   8       14 1437.7829 2205.3934  0.00000  0.00000
   8        5 4990.6332 2357.2164  0.00000  0.00000
   8       55 2690.7534 2521.5974  0.00000  0.00000
   8       60 3098.7051 2530.0751  0.00000  0.00000
   8       61 3520.3378 2542.1964  0.00000  0.00000
   8       44 2132.5915 2540.7382  0.00000  0.00000
   8       66 3951.2590 2562.4454  0.00000  0.00000
   8       35 4361.3358 2635.5270  0.00000  0.00000
   8       15 1419.7169 2685.2209  0.00000  0.00000
   8       42 2451.9601 2689.2151  0.00000  0.00000
   8       28  877.1024 2735.0199  0.00000  0.00000
   8       39 4127.4338 2762.6627  0.00000  0.00000
   8        8 4986.0084 2928.8109  0.00000  0.00000
   8       43 2127.0111 2949.8728  0.00000  0.00000
   8       36 4353.8967 3066.9820  0.00000  0.00000
   8       20  177.1390 3173.9511  0.00000  0.00000
   8       16 1412.2010 3275.6287  0.00000  0.00000
   8       21  896.9912 1245.6631  0.00000  0.00000
   8       24  886.2208 1792.9293  0.00000  0.00000
   8       25  881.0553 2238.8783  0.00000  0.00000
   9       52 1138.8368  116.7565  0.00000  0.00000
   9       53  204.7472  334.2123  0.00000  0.00000
   9       11  781.4490  509.4105  0.00000  0.00000
   9       49 4276.5700  606.7435  0.00000  0.00000
   9        1 4855.2456  640.7818  0.00000  0.00000
   9       48 2964.2420  717.9299  0.00000  0.00000
   9       17  535.7670  778.9002  0.00000  0.00000
   9       47 2146.9683  801.6340  0.00000  0.00000
   9       12  764.4041 1002.8316  0.00000  0.00000
   9       33 4551.0261 1069.5917  0.00000  0.00000
   9       31 3873.3516 1072.2435  0.00000  0.00000
   9       30 3254.4399 1103.8828  0.00000  0.00000
   9       29 2669.7345 1138.6408  0.00000  0.00000
   9       46 1976.1374 1196.7499  0.00000  0.00000
   9       40 2711.2832 1361.6028  0.00000  0.00000
   9       63 4149.9604 1452.7054  0.00000  0.00000
   9       58 3668.2027 1466.1424  0.00000  0.00000
   9       57 3216.3291 1474.4119  0.00000  0.00000
   9        4 4850.0619 1593.0696  0.00000  0.00000
   9       13  745.2577 1598.2662  0.00000  0.00000
   9       45 1969.3170 1658.0419  0.00000  0.00000
   9       34 4553.6301 1677.1982  0.00000  0.00000
   9       56 3211.8894 2019.3932  0.00000  0.00000
   9       59 3661.5979 2027.2781  0.00000  0.00000
   9       62 4145.7470 2040.4858  0.00000  0.00000
   9       41 2706.7566 2069.2063  0.00000  0.00000
   9       14  747.1395 2206.7545  0.00000  0.00000
   9        5 4842.1260 2541.5691  0.00000  0.00000
   9       55 3204.6075 2570.5829  0.00000  0.00000
   9       60 3653.7505 2597.8175  0.00000  0.00000
   9       44 1961.1112 2593.5263  0.00000  0.00000
   9       61 4142.9879 2631.8223  0.00000  0.00000
   9       15  732.1629 2736.8413  0.00000  0.00000
   9       42 2694.1803 2758.4500  0.00000  0.00000
   9       35 4547.7592 2846.3777  0.00000  0.00000
   9       43 1955.9373 3052.6598  0.00000  0.00000
   9       16  726.9893 3389.1409  0.00000  0.00000
   9       36 4534.5956 3417.7383  0.00000  0.00000
   9        8 4832.0449 3389.4826  0.00000  0.00000

   1    1       43 
   2    1       44 
   3    1       45 
   4    1       46 
   5    1       42 
   6    1       41 
   7    1       40 
   8    1       29 
   9    1       47 
  10    1       55 
  11    1       56 
  12    1       57 
  13    1       52 
  14    1       60 
  15    1       59 
  16    1       58 
  17    1       30 
  18    1       48 
  19    1       61 
  20    1       62 
  21    1       63 
  22    1       31 
  23    1       66 
  24    1       65 
  25    1       64 
  26    1       51 
  27    1       39 
  28    1       38 
  29    1       37 
  30    1       32 
  31    1       49 
  32    1       36 
  33    1       35 
  34    1       34 
  35    1       33 
  36    1       50 
  37    1        9 
  38    1        8 
  39    1        5 
  40    1        4 
  41    1        1 
  42    1       54 
  43    1       53 
  44    1       11 
  45    1       17 
  46    1       12 
  47    1       21 
  48    1       22 
  49    1        2 
  50    1       13 
  51    1        3 
  52    1       23 
  53    1       24 
  54    1       14 
  55    1        6 
  56    1       26 
  57    1       25 
  58    1       15 
  59    1        7 
  60    1       28 
  61    1       27 
  62    1       10 
  63    1       16 
  64    1       18 
  65    1       20 
  66    1       19 

   0    1
   0    2
   0    3
   0    4
   0    5
   0    6
   0    7
   0    8
   0    9
   0   10
   0   11
   0   12
   0   13
   0   14
   0   15
   0   16
   0   17
   0   18
   0   19
   0   20
   0   21
   0   22
   0   23
   0   24
   0   25
   0   26
   0   27
   0   28
   0   29
   0   30
   0   31
   0   32
   0   33
   0   34
   0   35
   0   36
   0   37
   0   38
   0   39
   0   40
   0   41
   0   42
   0   43
   0   44
   0   45
   0   46
   0   47
   0   48
   0   49
   0   50
   0   51
   0   52
   0   53
   0   54
   0   55
   0   56
   0   57
   0   58
   0   59
   0   60
   0   61
   0   62
   0   63
   1    1
   1    2
   1    3
   1    4
   1    5
   1    6
   1    7
   1    8
   1    9
   1   10
   1   11
   1   12
   1   13
   1   14
   1   15
   1   16
   1   17
   1   18
   1   19
   1   20
   1   21
   1   22
   1   23
   1   24
   1   25
   1   26
   1   27
   1   28
   1   29
   1   30
   1   31
   1   32
   1   33
   1   34
   1   35
   1   36
   1   37
   1   38
   1   39
   1   40
   1   41
   2    1
   2    2
   2    3
   2    4
   2    5
   2    6
   2    7
   2    8
   2    9
   2   10
   2   11
   2   12
   2   13
   2   14
   2   15
   2   16
   2   17
   2   18
   2   19
   2   20
   2   21
   2   22
   2   23
   2   24
   2   25
   2   26
   2   27
   2   28
   2   29
   2   30
   2   31
   2   32
   2   33
   2   34
   2   35
   2   36
   2   37
   2   38
   2   39
   2   40
   2   41
   2   42
   2   43
   2   44
   2   45
   2   46
   2   47
   2   48
   2   49
   2   50
   2   51
   2   52
   2   53
   2   54
   2   55
   2   56
   2   57
   2   58
   2   59
   2   60
   2   61
   2   62
   2   63
   2   64
   2   65
   2   66
   3   13
   3   17
   3   19
   3   20
   3   21
   3   22
   3   23
   3   24
   3   25
   3   26
   3   27
   3   28
   3   29
   3   30
   3   31
   3   32
   3   33
   3   34
   3   35
   3   36
   3   37
   3   38
   3   39
   3   40
   3   41
   3   42
   3   43
   3   44
   3   45
   3   46
   3   48
   3   49
   3   50
   3   51
   3   52
   3   54
   3   55
   3   56
   3   58
   3   59
   3   61
   3   62
   3   63
   3   64
   3   65
   3   66
   4    1
   4    2
   4    3
   4    4
   4    5
   4    6
   4    7
   4    8
   4    9
   4   10
   4   11
   4   12
   4   13
   4   14
   4   15
   4   16
   4   17
   4   18
   4   19
   4   20
   4   21
   4   22
   4   23
   4   24
   4   25
   4   26
   4   27
   4   28
   4   29
   4   30
   4   31
   4   32
   4   33
   4   34
   4   35
   4   36
   4   37
   4   38
   4   39
   4   40
   4   41
   4   42
   4   43
   4   44
   4   45
   4   46
   4   47
   4   48
   4   49
   4   50
   4   51
   4   52
   4   53
   4   54
   4   55
   4   56
   4   57
   4   58
   4   59
   4   60
   4   61
   4   63
   4   64
   4   65
   4   66
   5    1
   5    2
   5    3
   5    4
   5    5
   5    6
   5    7
   5    8
   5    9
   5   10
   5   11
   5   12
   5   13
   5   14
   5   15
   5   16
   5   17
   5   18
   5   19
   5   20
   5   21
   5   22
   5   23
   5   24
   5   25
   5   26
   5   27
   5   28
   5   29
   5   30
   5   31
   5   32
   5   33
   5   34
   5   35
   5   36
   5   37
   5   38
   5   39
   5   40
   5   41
   5   42
   5   43
   5   44
   5   45
   5   46
   5   47
   5   48
   5   49
   5   50
   5   51
   5   52
   5   53
   5   54
   5   55
   5   56
   5   57
   5   58
   5   59
   5   60
   5   61
   5   62
   5   63
   5   64
   6   13
   6   22
   6   23
   6   24
   6   25
   6   26
   6   27
   6   28
   6   30
   6   31
   6   32
   6   33
   6   34
   6   35
   6   36
   6   37
   6   38
   6   39
   6   40
   6   41
   6   42
   6   43
   6   44
   6   45
   6   46
   6   49
   6   50
   6   51
   6   54
   6   55
   6   58
   6   59
   6   62
   6   63
   7    1
   7    2
   7    3
   7    4
   7    5
   7    6
   7    7
   7    8
   7    9
   7   10
   7   11
   7   12
   7   13
   7   14
   7   15
   7   16
   7   17
   7   18
   7   19
   7   20
   7   21
   7   22
   7   23
   7   24
   7   25
   7   26
   7   27
   7   28
   7   29
   7   30
   7   31
   7   32
   7   33
   7   34
   7   35
   7   36
   7   37
   7   38
   7   39
   7   40
   7   41
   7   42
   7   43
   7   44
   7   45
   7   46
   7   47
   7   48
   7   50
   7   52
   7   53
   7   54
   7   56
   7   57
   7   58
   7   60
   7   61
   7   63
   7   64
   7   65
   7   66
   8    1
   8    2
   8    3
   8    4
   8    5
   8    6
   8    7
   8    8
   8    9
   8   10
   8   11
   8   12
   8   13
   8   14
   8   15
   8   16
   8   17
   8   18
   8   19
   8   20
   8   21
   8   22
   8   23
   8   24
   8   25
   8   26
   8   27
   8   28
   8   29
   8   30
   8   31
   8   32
   8   33
   8   34
   8   35
   8   36
   8   38
   8   39
   8   40
   8   41
   8   42
   8   43
   8   44
   8   45
   8   46
   8   47
   8   50
   8   53
   8   54
   8   57
   8   58
   8   60
   8   63
   8   64
   8   65
   8   66
   9    1
   9    2
   9    3
   9    4
   9    5
   9    6
   9    7
   9    8
   9    9
   9   10
   9   11
   9   12
   9   13
   9   14
   9   15
   9   16
   9   17
   9   18
   9   19
   9   20
   9   21
   9   22
   9   31
   9   32
   9   33
   9   34
   9   35
   9   38
   9   39
   9   40
   9   41
   9   43
   9   44
   9   45
   9   46
   9   50
   9   54
   9   58
   9   63

