Bundle Soln 
 0.000500 20
 1.00000  0.10000 10.00000 100.00000 100.00000 100.00000 20.00000 20.00000 20.00000
123.9392 26.5770 38.8110 53.14800 77.97600 0.00000 0.00000 0.00000 0.00000 0.00000
 0.00000  0.05315  0.07798 0.500000 0.500000 0.001000 0.000100 0.000100 0.001000 0.001000
   0 e:\pm\weighted\sxb\images\8811.jpg
   0 -118.409  109.011 1776.723  -89.915   -0.412    0.795
   0   0.6518   0.9368   0.1197   0.0034   0.0204   0.0298

   0 123.939  26.577  38.811 53.14800 77.97600 0.00000 0.00000 0.00000 0.00000 0.00000
   0  0.00000  0.05315  0.07798 0.500000 0.500000 0.001000 0.000100 0.000100 0.001000 0.001000
   1 e:\pm\weighted\sxb\images\8936.jpg
   1  281.697  364.817 1776.560   92.626   -0.023   -0.123
   1   0.5447   1.0353   0.1449   0.0032   0.0168   0.0332

   1 123.939  26.577  38.811 53.14800 77.97600 0.00000 0.00000 0.00000 0.00000 0.00000
   1  0.00000  0.05315  0.07798 0.500000 0.500000 0.001000 0.000100 0.000100 0.001000 0.001000
   2 e:\pm\weighted\sxb\images\8937.jpg
   2  296.643  157.244 1770.599   94.402   -0.031   -0.171
   2   0.5077   0.8091   0.0764   0.0025   0.0158   0.0259

   2 123.939  26.577  38.811 53.14800 77.97600 0.00000 0.00000 0.00000 0.00000 0.00000
   2  0.00000  0.05315  0.07798 0.500000 0.500000 0.001000 0.000100 0.000100 0.001000 0.001000
   3 e:\pm\weighted\sxb\images\8938.jpg
   3  314.265  -59.405 1767.153   96.145    0.125   -0.149
   3   0.6267   2.2709   0.1658   0.0030   0.0195   0.0732

   3 123.939  26.577  38.811 53.14800 77.97600 0.00000 0.00000 0.00000 0.00000 0.00000
   3  0.00000  0.05315  0.07798 0.500000 0.500000 0.001000 0.000100 0.000100 0.001000 0.001000
   4 e:\pm\weighted\sxb\images\9111.jpg
   4  703.861  110.847 1797.168  -92.544   -0.196    0.497
   4   1.3010   0.8849   0.2886   0.0038   0.0412   0.0277

   4 123.939  26.577  38.811 53.14800 77.97600 0.00000 0.00000 0.00000 0.00000 0.00000
   4  0.00000  0.05315  0.07798 0.500000 0.500000 0.001000 0.000100 0.000100 0.001000 0.001000

     317 -174.91234   83.80211   -0.40121   0.012845   0.012756   0.026923
     333  354.95529  330.61982   -1.82774   0.013065   0.012861   0.027220
     347  680.82203  505.23830   -0.37436   0.013241   0.013185   0.027110
     351  771.81930   14.70433    0.04201   0.012914   0.012830   0.027031
     375 -160.43693  110.26414   -0.88051   0.012967   0.012904   0.027032
     403 -608.83706  431.95443   -0.18874   0.013609   0.013566   0.027298
     410  194.95578  216.21117   -0.14852   0.012977   0.012868   0.027064
     422  347.26232  -81.48721   -1.27772   0.012738   0.012616   0.027024
     428  192.45168 -216.00413   -0.31365   0.013061   0.013015   0.027050
     492 -172.63861   81.77634   -0.67501   0.013048   0.012983   0.026924
     552  795.54248   -2.41406   -0.20286   0.013066   0.013015   0.027072
     563  387.28374  413.66620   -1.06941   0.012970   0.012853   0.027146
     590  201.45005 -209.50797   -0.41646   0.013208   0.013161   0.027115
     607  722.98796  365.31012   -0.18014   0.012925   0.012970   0.027017
     634  662.39926  416.47256   -0.08371   0.013135   0.013090   0.027080
     651  579.94101  169.16084   -0.66667   0.012661   0.012606   0.027069

     317 -174.91234   83.80211   -0.40121   0.012845   0.012756   0.026923
     333  354.95529  330.61982   -1.82774   0.013065   0.012861   0.027220
     347  680.82203  505.23830   -0.37436   0.013241   0.013185   0.027110
     351  771.81930   14.70433    0.04201   0.012914   0.012830   0.027031
     375 -160.43693  110.26414   -0.88051   0.012967   0.012904   0.027032
     403 -608.83706  431.95443   -0.18874   0.013609   0.013566   0.027298
     410  194.95578  216.21117   -0.14852   0.012977   0.012868   0.027064
     422  347.26232  -81.48721   -1.27772   0.012738   0.012616   0.027024
     428  192.45168 -216.00413   -0.31365   0.013061   0.013015   0.027050
     492 -172.63861   81.77634   -0.67501   0.013048   0.012983   0.026924
     552  795.54248   -2.41406   -0.20286   0.013066   0.013015   0.027072
     563  387.28374  413.66620   -1.06941   0.012970   0.012853   0.027146
     590  201.45005 -209.50797   -0.41646   0.013208   0.013161   0.027115
     607  722.98796  365.31012   -0.18014   0.012925   0.012970   0.027017
     634  662.39926  416.47256   -0.08371   0.013135   0.013090   0.027080
     651  579.94101  169.16084   -0.66667   0.012661   0.012606   0.027069
     745  227.85395  384.04177   20.30952   0.036705   0.040138   0.210974

   0      333 2158.2500 1135.5000  1.00000  1.00000
   0      410 3478.1358 2979.2802  1.00000  1.00000
   0      422 6936.8000 1211.3865  1.00000  1.00000
   0      428 8503.6000 3004.5772  1.00000  1.00000
   0      375 4700.3506 7105.9468  1.00000  1.00000
   0      317 5007.6667 7275.6667  1.00000  1.00000
   0      403  955.1383 12311.1660  1.00000  1.00000
   0      745 1498.0000 2554.5993  1.00000  1.00000
   1      492 1431.0000 1037.0000  1.00000  1.00000
   1      317 1453.6667 1012.3333  1.00000  1.00000
   1      333 4039.0000 7293.3333  1.00000  1.00000
   1      563 4984.0000 7714.3333  1.00000  1.00000
   1      651 2043.7778 9819.7069  1.00000  1.00000
   1      351  148.6667 11965.6667  1.00000  1.00000
   1      607 4245.3951 11587.6550  1.00000  1.00000
   1      634 4870.8049 10911.3411  1.00000  1.00000
   1      347 5892.0519 11172.1777  1.00000  1.00000
   1      745 4729.3989 5840.1319  1.00000  1.00000
   2      317 4060.0000  912.3333  1.00000  1.00000
   2      492 4034.3333  937.3333  1.00000  1.00000
   2      375 4354.7975 1106.0428  1.00000  1.00000
   2      422 1672.0000 6836.0000  1.00000  1.00000
   2      333 6455.6593 7294.8080  1.00000  1.00000
   2      563 7392.6000 7745.8755  1.00000  1.00000
   2      651 4377.0395 9766.5071  1.00000  1.00000
   2      351 2409.1556 11859.1323  1.00000  1.00000
   2      552 2189.3802 12119.3787  1.00000  1.00000
   2      607 6530.8988 11607.8742  1.00000  1.00000
   2      634 7180.1704 10949.7925  1.00000  1.00000
   2      347 8197.3333 11243.6667  1.00000  1.00000
   2      745 7224.4840 5858.2750  1.00000  1.00000
   3      317 6751.9119 1015.9611  1.00000  1.00000
   3      492 6726.4347 1040.1297  1.00000  1.00000
   3      375 7042.5000 1218.8872  1.00000  1.00000
   3      428 2811.5000 4908.7134  1.00000  1.00000
   3      590 2876.5000 5020.1089  1.00000  1.00000
   3      410 7829.6064 5477.0000  1.00000  1.00000
   3      422 4180.5122 6874.6667  1.00000  1.00000
   3      651 6803.0851 9893.6667  1.00000  1.00000
   3      351 4767.0000 11933.7743  1.00000  1.00000
   3      552 4537.7295 12186.4202  1.00000  1.00000
   4      607 1684.0000 6440.8132  1.00000  1.00000
   4      563 1300.7447 10316.1064  1.00000  1.00000
   4      410 3661.4468 12430.6667  1.00000  1.00000
   4      651 4005.5167 7983.6667  1.00000  1.00000
   4      422 7002.7356 10531.3333  1.00000  1.00000
   4      428 8635.4377 12250.7393  1.00000  1.00000
   4      590 8556.0000 12150.2853  1.00000  1.00000
   4      351 5681.0000 5699.7756  1.00000  1.00000
   4      552 5865.9301 5420.7601  1.00000  1.00000
   4      745 1686.2747 12198.8175  1.00000  1.00000

   1    1      317 
   2    1      333 
   3    1      347 
   4    1      351 
   5    1      375 
   6    1      403 
   7    1      410 
   8    1      422 
   9    1      428 
  10    1      492 
  11    1      552 
  12    1      563 
  13    1      590 
  14    1      607 
  15    1      634 
  16    1      651 
  17    1      745 

   0    1
   0    2
   0    5
   0    6
   0    7
   0    8
   0    9
   0   17
   1    1
   1    2
   1    3
   1    4
   1   10
   1   12
   1   14
   1   15
   1   16
   1   17
   2    1
   2    2
   2    3
   2    4
   2    5
   2    8
   2   10
   2   11
   2   12
   2   14
   2   15
   2   16
   2   17
   3    1
   3    4
   3    5
   3    7
   3    8
   3    9
   3   10
   3   11
   3   13
   3   16
   4    4
   4    7
   4    8
   4    9
   4   11
   4   12
   4   13
   4   14
   4   16
   4   17

