# Mark points for DBAT camera calibration demo
# Format: image id, point id, x, y, sxy
 1,    2, 1429.1871, 1456.4278, 0.1
 1,    3, 1217.8557, 1456.1798, 0.1
 1,    4, 1638.5148, 1454.0811, 0.1
 1,    5, 1006.2362, 1453.7820, 0.1
 1,    6, 1844.4644, 1450.3823, 0.1
 1,    7,  797.0289, 1449.8387, 0.1
 1,    8, 2047.1395, 1446.2662, 0.1
 1,    9,  591.4144, 1443.8697, 0.1
 1,   10,  391.6128, 1437.6830, 0.1
 1,   11,  195.6615, 1429.8491, 0.1
 1,   12, 1418.1391, 1270.0164, 0.1
 1,   13, 1216.8273, 1269.9377, 0.1
 1,   14, 1617.4939, 1268.7603, 0.1
 1,   15, 1015.1358, 1267.7026, 0.1
 1, 1001, 1813.4284, 1266.2367, 0.1
 1,   16,  815.6912, 1265.0421, 0.1
 1,   17, 2005.8948, 1262.2445, 0.1
 1,   18,  619.7495, 1260.9004, 0.1
 1, 1002,  428.5563, 1255.3326, 0.1
 1,   19,  243.4372, 1250.7945, 0.1
 1,   20, 1407.5207, 1099.9881, 0.1
 1,   21, 1597.5731, 1099.4047, 0.1
 1,   22, 1215.6603, 1099.7737, 0.1
 1,   23, 1784.5411, 1097.5548, 0.1
 1,   24, 1023.4725, 1097.3086, 0.1
 1,   25, 1967.4325, 1095.6753, 0.1
 1,   26,  833.0220, 1095.1614, 0.1
 1,   27,  646.4377, 1093.7252, 0.1
 1,   28,  464.1943, 1090.7112, 0.1
 1,   29,  287.2191, 1087.5448, 0.1
 1,   30, 1931.4343,  944.3629, 0.1
 1,   31, 1757.0625,  944.2338, 0.1
 1,   32, 1578.6473,  944.5296, 0.1
 1,   33, 1397.3486,  945.0716, 0.1
 1,   34, 1214.4710,  944.7584, 0.1
 1,   35,  671.6101,  941.2705, 0.1
 1,   36, 1031.2014,  941.4652, 0.1
 1,   37,  849.7808,  941.2251, 0.1
 1,   38,  497.6257,  940.4461, 0.1
 1,   39,  326.8614,  936.2355, 0.1
 1,   40, 1560.5906,  804.2485, 0.1
 1,   41, 1387.7016,  803.8287, 0.1
 1,   42, 1898.9988,  803.0511, 0.1
 1,   43, 1213.2420,  802.8610, 0.1
 1,   44,  695.3857,  802.2472, 0.1
 1,   45, 1731.4896,  802.8705, 0.1
 1,   46,  528.4134,  801.6390, 0.1
 1,   47,  865.5582,  801.2688, 0.1
 1,   48,  365.3910,  800.1903, 0.1
 1,   49, 1038.5198,  800.3304, 0.1
 1,   50, 1866.1747,  679.4978, 0.1
 1,   51, 1706.2913,  678.0781, 0.1
 1,   52,  402.0369,  677.3159, 0.1
 1,   53,  558.0698,  676.6650, 0.1
 1,   54, 1543.5888,  675.8288, 0.1
 1,   55, 1378.4256,  676.2626, 0.1
 1,   56, 1212.0953,  675.7048, 0.1
 1,   57,  717.7645,  676.1453, 0.1
 1,   58,  880.5014,  674.7863, 0.1
 1,   59, 1045.5639,  673.3149, 0.1
 1,   60,  436.2440,  565.0226, 0.1
 1,   61, 1836.6646,  564.3044, 0.1
 1,   62, 1683.2268,  562.5779, 0.1
 1,   63,  585.8161,  562.8024, 0.1
 1,   64, 1527.4848,  561.0436, 0.1
 1,   65, 1369.7331,  560.2879, 0.1
 1,   66,  738.7234,  561.2654, 0.1
 1,   67, 1210.9978,  559.4700, 0.1
 1,   68,  894.5485,  560.0128, 0.1
 1,   69, 1052.1045,  558.2089, 0.1
 1,   70,  467.8120,  460.8823, 0.1
 1,   71, 1808.7576,  459.4924, 0.1
 1,   72,  611.4717,  457.7879, 0.1
 1,   73, 1661.7535,  457.2167, 0.1
 1,   74,  758.2178,  456.2724, 0.1
 1,   75, 1512.4194,  454.8595, 0.1
 1,   76,  907.3967,  454.6323, 0.1
 1,   77, 1361.6033,  453.7812, 0.1
 1,   78, 1209.8759,  453.5157, 0.1
 1,   79, 1058.2089,  453.3440, 0.1
 1,   80,  497.5415,  366.5497, 0.1
 1, 1004,  635.6057,  362.5516, 0.1
 1,   81, 1783.1065,  362.0649, 0.1
 1, 1003, 1641.6407,  360.4757, 0.1
 1,   82,  776.5702,  361.0723, 0.1
 1,   83, 1498.4564,  359.0714, 0.1
 1,   84, 1354.0694,  358.1599, 0.1
 1,   85, 1208.7526,  357.6902, 0.1
 1,   86,  919.2193,  358.0043, 0.1
 1,   87, 1063.6262,  356.5845, 0.1
 1,   88,  525.2250,  279.7664, 0.1
 1,   89,  658.3035,  276.3722, 0.1
 1,   90, 1758.8551,  274.3339, 0.1
 1,   91,  793.3730,  273.5425, 0.1
 1,   92, 1622.8272,  272.4571, 0.1
 1,   93,  930.5242,  271.4949, 0.1
 1,   94, 1485.4209,  271.0819, 0.1
 1,   95, 1346.9305,  270.5112, 0.1
 1,   96, 1068.8293,  270.3444, 0.1
 1,   97, 1207.8107,  269.9316, 0.1
 2,    8,  674.8753, 1655.9416, 0.1
 2,   17,  826.2849, 1623.7844, 0.1
 2,   25,  964.9566, 1593.0643, 0.1
 2,   30, 1092.0962, 1563.8839, 0.1
 2,   42, 1212.1207, 1537.2838, 0.1
 2,   50, 1317.6901, 1510.3732, 0.1
 2,   61, 1417.1903, 1485.9204, 0.1
 2,    6,  671.4747, 1482.3483, 0.1
 2,   71, 1508.5368, 1462.7289, 0.1
 2, 1001,  823.1854, 1457.4089, 0.1
 2,   81, 1594.2804, 1441.2207, 0.1
 2,   23,  963.5806, 1433.8101, 0.1
 2,   90, 1672.1291, 1420.7033, 0.1
 2,   31, 1092.1789, 1411.1942, 0.1
 2,   45, 1211.9392, 1389.9721, 0.1
 2,   51, 1318.4409, 1369.1128, 0.1
 2,   62, 1418.0606, 1349.7746, 0.1
 2,   73, 1509.8302, 1331.7012, 0.1
 2, 1003, 1594.8842, 1314.6596, 0.1
 2,    4,  668.6146, 1305.8921, 0.1
 2,   92, 1672.9755, 1298.5880, 0.1
 2,   14,  821.2664, 1288.3565, 0.1
 2,   21,  961.9533, 1271.6134, 0.1
 2,   32, 1091.7636, 1255.6181, 0.1
 2,   40, 1210.2507, 1240.2917, 0.1
 2,   54, 1319.8442, 1225.7861, 0.1
 2,   64, 1418.7114, 1211.9634, 0.1
 2,   75, 1511.1652, 1199.0308, 0.1
 2,   83, 1595.3231, 1186.8451, 0.1
 2,   94, 1673.3702, 1175.4192, 0.1
 2,    2,  666.5835, 1126.8071, 0.1
 2,   12,  820.1139, 1116.8937, 0.1
 2,   20,  961.2762, 1107.2659, 0.1
 2,   33, 1090.8390, 1098.0416, 0.1
 2,   41, 1210.1113, 1089.2768, 0.1
 2,   55, 1318.7977, 1080.7644, 0.1
 2,   65, 1418.6078, 1072.8247, 0.1
 2,   77, 1511.3157, 1065.2898, 0.1
 2,   84, 1595.3404, 1058.1855, 0.1
 2,   95, 1673.0842, 1051.5107, 0.1
 2,    3,  666.2779,  946.1997, 0.1
 2,   13,  819.6339,  943.9531, 0.1
 2,   22,  960.8613,  941.6715, 0.1
 2,   34, 1090.5002,  939.3678, 0.1
 2,   43, 1210.2956,  937.0633, 0.1
 2,   56, 1318.5834,  934.9340, 0.1
 2,   67, 1418.6482,  932.8882, 0.1
 2,   78, 1510.8387,  930.8118, 0.1
 2,   85, 1595.0295,  928.8838, 0.1
 2,   97, 1672.8962,  927.0717, 0.1
 2,   96, 1671.8993,  802.8152, 0.1
 2,   87, 1595.3598,  799.6619, 0.1
 2,   79, 1510.2532,  796.4245, 0.1
 2,   69, 1419.0665,  792.8038, 0.1
 2,   59, 1319.9621,  788.8653, 0.1
 2,   49, 1211.7299,  784.6642, 0.1
 2,   36, 1092.5809,  780.3003, 0.1
 2,   24,  962.0102,  775.7132, 0.1
 2,   15,  820.4935,  770.6564, 0.1
 2,    5,  667.1749,  765.1944, 0.1
 2,   93, 1670.3138,  678.9176, 0.1
 2,   86, 1593.4526,  670.8953, 0.1
 2,   76, 1508.4489,  662.5975, 0.1
 2,   68, 1416.7062,  653.5870, 0.1
 2,   58, 1317.8030,  643.7749, 0.1
 2,   47, 1209.8791,  633.3530, 0.1
 2,   37, 1091.5312,  622.4130, 0.1
 2,   26,  962.4814,  610.7405, 0.1
 2,   16,  821.0840,  598.6993, 0.1
 2,    7,  668.6011,  585.6926, 0.1
 2,   91, 1667.8809,  555.8550, 0.1
 2,   82, 1590.1263,  543.4022, 0.1
 2,   74, 1506.4030,  529.8045, 0.1
 2,   66, 1414.8354,  515.5623, 0.1
 2,   57, 1315.7112,  500.2271, 0.1
 2,   44, 1207.8249,  483.8555, 0.1
 2,   35, 1090.0176,  466.5866, 0.1
 2,   27,  961.8946,  448.3214, 0.1
 2,   89, 1664.8569,  434.2462, 0.1
 2,   18,  822.5800,  428.9426, 0.1
 2, 1004, 1588.2811,  417.0251, 0.1
 2,    9,  671.3576,  408.5336, 0.1
 2,   72, 1504.3877,  398.7569, 0.1
 2,   63, 1412.6766,  379.4268, 0.1
 2,   53, 1314.2079,  358.6667, 0.1
 2,   46, 1207.1086,  336.5507, 0.1
 2,   88, 1661.2624,  314.3351, 0.1
 2,   38, 1089.0767,  313.5967, 0.1
 2,   80, 1584.0763,  292.9147, 0.1
 2,   28,  962.5202,  288.8800, 0.1
 2,   70, 1500.9652,  270.0433, 0.1
 2, 1002,  825.0757,  262.5869, 0.1
 2,   60, 1409.8541,  245.8519, 0.1
 2,   10,  674.0655,  235.6502, 0.1
 2,   52, 1312.5301,  219.8375, 0.1
 2,   48, 1206.9653,  192.0649, 0.1
 2,   39, 1091.1516,  163.0256, 0.1
 2,   29,  963.2267,  133.4148, 0.1
 2,   19,  826.6706,  100.9158, 0.1
 2,   11,  678.7676,   66.3951, 0.1
 3,    8, 1088.3676, 1570.9448, 0.1
 3,    6,  954.5825, 1438.4888, 0.1
 3,   17, 1231.8811, 1437.9110, 0.1
 3, 1001, 1096.8101, 1314.4172, 0.1
 3,    4,  830.5227, 1313.6101, 0.1
 3,   25, 1367.1387, 1311.3117, 0.1
 3,   14,  970.8691, 1197.3100, 0.1
 3,    2,  716.2647, 1196.7890, 0.1
 3,   23, 1231.5088, 1195.0532, 0.1
 3,   30, 1493.7498, 1191.4623, 0.1
 3,   12,  854.0219, 1087.2037, 0.1
 3,    3,  610.8066, 1087.0752, 0.1
 3,   21, 1104.4260, 1085.6446, 0.1
 3,   31, 1358.4339, 1081.9376, 0.1
 3,   42, 1612.1172, 1075.3941, 0.1
 3,    5,  513.9943,  984.9701, 0.1
 3,   13,  746.0024,  984.3705, 0.1
 3,   20,  985.8528,  982.3911, 0.1
 3,   32, 1230.8939,  978.9590, 0.1
 3,   45, 1477.3572,  973.4937, 0.1
 3,   50, 1720.9456,  970.9849, 0.1
 3,    7,  425.5784,  891.1588, 0.1
 3,   15,  646.2109,  888.0767, 0.1
 3,   22,  875.7326,  885.9409, 0.1
 3,   33, 1111.3353,  882.7877, 0.1
 3,   40, 1349.9108,  878.8286, 0.1
 3,   51, 1587.7928,  875.1538, 0.1
 3,   61, 1822.1404,  871.0333, 0.1
 3,    9,  344.1180,  803.6104, 0.1
 3,   16,  554.8461,  799.8203, 0.1
 3,   24,  773.4423,  794.8352, 0.1
 3,   34,  999.7328,  792.2995, 0.1
 3,   41, 1230.0566,  788.2052, 0.1
 3,   54, 1461.4036,  783.6927, 0.1
 3,   62, 1690.5339,  781.3407, 0.1
 3,   71, 1915.8819,  778.0768, 0.1
 3,   10,  269.6482,  723.5235, 0.1
 3,   18,  470.4281,  717.5203, 0.1
 3,   26,  679.2048,  711.2873, 0.1
 3,   36,  895.4357,  705.5247, 0.1
 3,   43, 1117.4560,  702.7880, 0.1
 3,   55, 1341.7265,  699.8355, 0.1
 3,   64, 1565.3545,  696.4590, 0.1
 3,   73, 1786.1342,  693.6569, 0.1
 3,   81, 2003.3195,  689.8042, 0.1
 3,   11,  199.9489,  647.5773, 0.1
 3, 1002,  392.3871,  640.7924, 0.1
 3,   27,  592.4159,  635.0937, 0.1
 3,   37,  799.2628,  628.0204, 0.1
 3,   49, 1012.0478,  621.5900, 0.1
 3,   56, 1228.9909,  620.1121, 0.1
 3,   65, 1446.4768,  616.9337, 0.1
 3,   75, 1662.4605,  613.3163, 0.1
 3, 1003, 1875.1542,  611.3214, 0.1
 3,   90, 2084.4036,  608.8637, 0.1
 3,   19,  320.7993,  570.8962, 0.1
 3,   28,  511.9219,  563.4314, 0.1
 3,   35,  710.0647,  556.5115, 0.1
 3,   47,  914.2751,  549.1863, 0.1
 3,   59, 1123.0200,  543.6098, 0.1
 3,   67, 1334.0003,  541.7335, 0.1
 3,   77, 1544.6297,  538.3579, 0.1
 3,   83, 1752.8452,  536.6409, 0.1
 3,   92, 1957.9327,  534.7292, 0.1
 3,   29,  437.3711,  497.0990, 0.1
 3,   38,  627.2877,  489.5498, 0.1
 3,   44,  823.0711,  481.7944, 0.1
 3,   58, 1024.0022,  475.4438, 0.1
 3,   69, 1227.9111,  470.4362, 0.1
 3,   78, 1432.7347,  468.0301, 0.1
 3,   84, 1636.3559,  466.2055, 0.1
 3,   94, 1837.2785,  464.5211, 0.1
 3,   39,  549.4150,  424.2163, 0.1
 3,   46,  737.8714,  417.6323, 0.1
 3,   57,  931.3147,  411.5563, 0.1
 3,   68, 1128.2466,  406.1849, 0.1
 3,   79, 1326.9635,  401.6591, 0.1
 3,   85, 1525.3618,  399.6046, 0.1
 3,   95, 1722.1543,  398.3698, 0.1
 3,   48,  658.4188,  357.2211, 0.1
 3,   53,  844.5819,  351.1385, 0.1
 3,   66, 1034.4756,  345.2406, 0.1
 3,   76, 1226.9507,  340.2488, 0.1
 3,   87, 1420.1971,  335.8637, 0.1
 3,   97, 1612.3190,  335.2411, 0.1
 3,   52,  763.5109,  294.7242, 0.1
 3,   63,  946.5661,  288.3475, 0.1
 3,   74, 1132.6669,  282.5293, 0.1
 3,   86, 1320.3521,  277.7146, 0.1
 3,   96, 1507.8644,  276.2211, 0.1
 3,   60,  864.1179,  235.4604, 0.1
 3,   72, 1043.9519,  228.0984, 0.1
 3,   82, 1225.8913,  224.1621, 0.1
 3,   93, 1408.5308,  220.6584, 0.1
 3,   70,  960.4919,  178.3155, 0.1
 3, 1004, 1136.7921,  172.0244, 0.1
 3,   91, 1314.2073,  168.7311, 0.1
 3,   80, 1052.5788,  125.1771, 0.1
 3,   89, 1224.9400,  120.1542, 0.1
 3,   88, 1140.4682,   74.7817, 0.1
 4,   92, 1268.2429, 1678.9824, 0.1
 4,   71, 1030.3011, 1628.2141, 0.1
 4, 1003, 1196.1840, 1595.2398, 0.1
 4,   94, 1342.5843, 1564.2244, 0.1
 4,   61,  942.8675, 1533.0721, 0.1
 4,   73, 1118.7575, 1505.2398, 0.1
 4,   83, 1274.9148, 1479.1463, 0.1
 4,   95, 1412.7991, 1454.6409, 0.1
 4,   50,  849.1520, 1430.3699, 0.1
 4,   62, 1036.5917, 1408.5447, 0.1
 4,   75, 1203.1240, 1387.9702, 0.1
 4,   84, 1349.4233, 1368.3347, 0.1
 4,   97, 1479.9047, 1350.0327, 0.1
 4,   42,  751.5507, 1320.2978, 0.1
 4,   51,  948.8769, 1304.6765, 0.1
 4,   64, 1125.4224, 1290.0130, 0.1
 4,   77, 1282.0914, 1276.1775, 0.1
 4,   85, 1420.0127, 1262.7547, 0.1
 4,   96, 1542.9812, 1250.4112, 0.1
 4,   30,  643.2629, 1200.3937, 0.1
 4,   45,  857.2774, 1193.2448, 0.1
 4,   54, 1044.1603, 1185.4191, 0.1
 4,   65, 1208.9198, 1177.4595, 0.1
 4,   78, 1356.4604, 1169.8851, 0.1
 4,   87, 1487.7233, 1162.6470, 0.1
 4,   93, 1602.4274, 1155.5791, 0.1
 4,   55, 1131.9480, 1072.1637, 0.1
 4,   40,  955.7798, 1073.0581, 0.1
 4,   79, 1426.8044, 1069.2003, 0.1
 4,   67, 1288.0797, 1070.7530, 0.1
 4,   31,  756.4352, 1073.2430, 0.1
 4,   86, 1549.8304, 1067.4150, 0.1
 4,   91, 1658.1214, 1065.3652, 0.1
 4,   25,  531.7992, 1072.4820, 0.1
 4,   89, 1710.3271,  979.8810, 0.1
 4,   82, 1607.2739,  977.1622, 0.1
 4,   76, 1492.1705,  973.9818, 0.1
 4,   69, 1363.3527,  970.0564, 0.1
 4,   56, 1215.5928,  965.4218, 0.1
 4,   41, 1050.1642,  960.0409, 0.1
 4,   32,  863.0228,  953.3238, 0.1
 4,   23,  651.6234,  945.2603, 0.1
 4,   17,  414.2572,  935.7003, 0.1
 4,   88, 1759.2626,  899.0250, 0.1
 4, 1004, 1663.0097,  891.9939, 0.1
 4,   74, 1553.7833,  883.9549, 0.1
 4,   68, 1431.4353,  875.1269, 0.1
 4,   59, 1295.9348,  865.0235, 0.1
 4,   43, 1139.3440,  853.6017, 0.1
 4,   33,  962.8293,  840.6999, 0.1
 4,   21,  764.4395,  825.9964, 0.1
 4,   80, 1713.4328,  811.2894, 0.1
 4, 1001,  541.1743,  809.3490, 0.1
 4,   72, 1611.8087,  799.2103, 0.1
 4,   66, 1496.2149,  785.7596, 0.1
 4,    8,  290.6419,  790.4740, 0.1
 4,   58, 1367.9543,  770.8754, 0.1
 4,   49, 1224.2778,  753.8660, 0.1
 4,   34, 1056.8903,  735.3225, 0.1
 4,   70, 1665.1655,  719.3318, 0.1
 4,   20,  871.0801,  714.5606, 0.1
 4,   63, 1556.8607,  701.8504, 0.1
 4,   14,  661.4663,  691.4445, 0.1
 4,   57, 1435.5949,  682.5714, 0.1
 4,   47, 1300.4221,  660.9508, 0.1
 4,    6,  426.5089,  665.6899, 0.1
 4,   36, 1147.2711,  636.8523, 0.1
 4,   60, 1613.1915,  623.0785, 0.1
 4,   22,  970.9266,  610.7656, 0.1
 4,   53, 1499.6125,  599.9006, 0.1
 4,   12,  774.7449,  581.8486, 0.1
 4,   44, 1371.4492,  574.1701, 0.1
 4,   37, 1228.3220,  545.6850, 0.1
 4,    4,  554.3998,  549.8670, 0.1
 4,   52, 1559.3873,  522.5234, 0.1
 4,   24, 1065.4218,  514.3180, 0.1
 4,   46, 1439.0939,  493.1226, 0.1
 4,   13,  880.7445,  480.3192, 0.1
 4,   35, 1303.3314,  460.9655, 0.1
 4,    2,  674.1456,  442.9694, 0.1
 4,   26, 1152.3094,  425.1975, 0.1
 4,   48, 1502.7376,  417.5206, 0.1
 4,   15,  980.1985,  386.3676, 0.1
 4,   38, 1373.6477,  382.3212, 0.1
 4,   27, 1231.7756,  342.9621, 0.1
 4,    3,  786.7271,  344.1512, 0.1
 4,   39, 1442.0263,  308.4583, 0.1
 4,   16, 1071.5342,  300.1912, 0.1
 4,   28, 1306.5662,  266.7231, 0.1
 4,    5,  891.7058,  253.2642, 0.1
 4,   18, 1156.8406,  220.4928, 0.1
 4,   29, 1375.8295,  196.0703, 0.1
 4,    7,  988.4010,  170.2310, 0.1
 4, 1002, 1236.4396,  146.8528, 0.1
 4,    9, 1078.6537,   93.5783, 0.1
 4,   19, 1309.0328,   79.2073, 0.1
 4,   10, 1161.3232,   23.5280, 0.1
 5,   71, 1706.9391, 1404.2815, 0.1
 5,   61, 1482.4498, 1403.6429, 0.1
 5,   90, 2149.9919, 1402.0343, 0.1
 5,   81, 1929.7138, 1402.4709, 0.1
 5,   50, 1256.6321, 1401.2949, 0.1
 5,   42, 1031.7337, 1394.6803, 0.1
 5,   30,  811.6768, 1389.9522, 0.1
 5,   25,  596.9389, 1380.9018, 0.1
 5,   17,  389.5772, 1371.1960, 0.1
 5,    8,  189.7586, 1361.9903, 0.1
 5,   73, 1689.5308, 1201.0504, 0.1
 5,   92, 2109.5715, 1199.8386, 0.1
 5, 1003, 1901.0891, 1200.4238, 0.1
 5,   62, 1475.3779, 1200.2449, 0.1
 5,   51, 1259.8110, 1198.2209, 0.1
 5,   45, 1045.0117, 1193.0377, 0.1
 5,   31,  834.1718, 1190.0507, 0.1
 5,   23,  628.6883, 1184.2873, 0.1
 5, 1001,  430.7777, 1178.3915, 0.1
 5,    6,  239.5127, 1171.3794, 0.1
 5,   94, 2072.2109, 1015.8728, 0.1
 5,   83, 1873.9028, 1015.4987, 0.1
 5,   75, 1672.5859, 1014.4240, 0.1
 5,   64, 1468.0580, 1013.8504, 0.1
 5,   54, 1262.4929, 1011.1599, 0.1
 5,   40, 1057.5827, 1009.7039, 0.1
 5,   32,  855.7920, 1006.7818, 0.1
 5,   21,  659.3149, 1004.0052, 0.1
 5,   14,  469.2908, 1000.5716, 0.1
 5,    4,  286.0341,  996.5110, 0.1
 5,   95, 2036.9277,  848.5719, 0.1
 5,   84, 1847.8635,  846.8933, 0.1
 5,   77, 1655.7174,  844.7818, 0.1
 5,   65, 1460.6120,  844.0768, 0.1
 5,   55, 1264.6140,  842.4013, 0.1
 5,   41, 1069.0683,  840.6870, 0.1
 5,   33,  876.4823,  839.6918, 0.1
 5,   20,  688.2084,  838.3957, 0.1
 5,   12,  505.9080,  837.2380, 0.1
 5,    2,  330.0569,  836.2926, 0.1
 5,   97, 2003.7893,  695.1306, 0.1
 5,   85, 1822.8873,  692.8129, 0.1
 5,   78, 1639.1765,  690.4138, 0.1
 5,    3,  371.1777,  688.6453, 0.1
 5,   67, 1453.0994,  688.9502, 0.1
 5,   13,  540.6057,  687.8707, 0.1
 5,   56, 1266.1794,  687.7336, 0.1
 5,   22,  715.4564,  687.1310, 0.1
 5,   34,  895.6191,  686.8803, 0.1
 5,   43, 1079.6845,  686.1515, 0.1
 5,   96, 1972.4259,  555.6192, 0.1
 5,    5,  410.1786,  553.3392, 0.1
 5,   87, 1799.5822,  551.3106, 0.1
 5,   15,  573.0807,  550.6150, 0.1
 5,   79, 1623.5078,  549.6039, 0.1
 5,   24,  740.8439,  547.8717, 0.1
 5,   69, 1445.9670,  546.8787, 0.1
 5,   36,  913.1713,  545.1384, 0.1
 5,   59, 1267.4582,  545.0157, 0.1
 5,   49, 1089.2513,  543.9902, 0.1
 5,    7,  447.2407,  430.6341, 0.1
 5,   93, 1942.8240,  428.1707, 0.1
 5,   16,  604.0751,  426.8964, 0.1
 5,   86, 1776.8625,  424.1067, 0.1
 5,   76, 1608.3574,  422.3663, 0.1
 5,   26,  764.9680,  422.3233, 0.1
 5,   68, 1438.6096,  420.7633, 0.1
 5,   37,  930.1871,  419.9556, 0.1
 5,   58, 1268.3577,  419.0587, 0.1
 5,   47, 1098.4126,  418.5991, 0.1
 5,    9,  482.0227,  317.7184, 0.1
 5,   18,  633.0659,  313.2852, 0.1
 5,   91, 1914.9326,  312.0068, 0.1
 5,   27,  787.7307,  309.4418, 0.1
 5,   82, 1755.2634,  309.1102, 0.1
 5,   35,  945.9714,  306.5107, 0.1
 5,   74, 1594.2353,  306.1743, 0.1
 5,   66, 1431.7619,  304.8087, 0.1
 5,   57, 1269.0377,  304.1560, 0.1
 5,   44, 1106.6692,  304.4892, 0.1
 5,   10,  514.8508,  215.4855, 0.1
 5, 1002,  659.9688,  208.9749, 0.1
 5,   89, 1888.9250,  205.8930, 0.1
 5,   28,  808.8369,  205.4286, 0.1
 5,   38,  960.5330,  202.5689, 0.1
 5, 1004, 1735.8000,  202.0153, 0.1
 5,   72, 1581.1404,  199.6815, 0.1
 5,   63, 1425.4160,  199.0600, 0.1
 5,   53, 1269.6813,  198.4461, 0.1
 5,   46, 1114.3286,  198.9235, 0.1
 5,   11,  544.8392,  119.8353, 0.1
 5,   19,  685.2890,  115.0302, 0.1
 5,   29,  828.2468,  110.4541, 0.1
 5,   88, 1864.6231,  108.5819, 0.1
 5,   80, 1716.9555,  105.8210, 0.1
 5,   39,  973.5853,  104.1331, 0.1
 5,   70, 1568.5492,  103.3157, 0.1
 5,   60, 1419.3083,  102.6931, 0.1
 5,   52, 1270.1350,  101.7829, 0.1
 5,   48, 1121.3018,  101.7501, 0.1
 6,   97, 1283.5809, 1652.6037, 0.1
 6,   96, 1417.1082, 1621.4345, 0.1
 6,   93, 1539.7628, 1592.0028, 0.1
 6,   81,  615.1470, 1591.1505, 0.1
 6,   91, 1652.0042, 1564.0544, 0.1
 6, 1003,  804.8048, 1561.8844, 0.1
 6,   89, 1755.0500, 1538.0092, 0.1
 6,   83,  979.3579, 1533.9133, 0.1
 6,   88, 1849.9301, 1513.4529, 0.1
 6,   84, 1139.4181, 1507.0651, 0.1
 6,   85, 1286.3654, 1481.3028, 0.1
 6,   87, 1422.0542, 1457.3513, 0.1
 6,   86, 1544.6097, 1433.9423, 0.1
 6,   82, 1655.9138, 1411.6240, 0.1
 6, 1004, 1760.1241, 1391.3993, 0.1
 6,   71,  611.9537, 1382.4777, 0.1
 6,   80, 1854.0028, 1371.8763, 0.1
 6,   73,  803.4462, 1362.9194, 0.1
 6,   75,  980.2026, 1343.8147, 0.1
 6,   77, 1141.5994, 1324.9521, 0.1
 6,   78, 1289.1474, 1306.7111, 0.1
 6,   79, 1424.4122, 1289.3393, 0.1
 6,   76, 1547.2005, 1272.7180, 0.1
 6,   74, 1659.8999, 1257.1797, 0.1
 6,   72, 1763.6216, 1242.6549, 0.1
 6,   70, 1857.7931, 1228.8792, 0.1
 6,   61,  610.9644, 1170.7949, 0.1
 6,   62,  803.3174, 1160.2555, 0.1
 6,   64,  980.4544, 1149.6050, 0.1
 6,   65, 1142.3298, 1139.1811, 0.1
 6,   67, 1290.9756, 1128.8397, 0.1
 6,   69, 1427.7074, 1119.3412, 0.1
 6,   68, 1549.6209, 1109.6596, 0.1
 6,   66, 1662.2237, 1100.7967, 0.1
 6,   63, 1765.4020, 1092.3532, 0.1
 6,   60, 1859.7199, 1084.5206, 0.1
 6,   51,  804.1245,  954.9867, 0.1
 6,   50,  611.2105,  956.4307, 0.1
 6,   54,  982.4803,  953.4545, 0.1
 6,   55, 1143.9134,  951.4868, 0.1
 6,   56, 1292.4691,  949.5241, 0.1
 6,   59, 1430.0460,  947.5255, 0.1
 6,   58, 1552.0244,  945.5050, 0.1
 6,   57, 1663.8565,  943.4240, 0.1
 6,   53, 1767.1175,  941.5953, 0.1
 6,   52, 1861.8955,  939.8270, 0.1
 6,   48, 1863.1720,  794.7347, 0.1
 6,   46, 1767.8294,  790.4958, 0.1
 6,   44, 1664.4994,  785.8206, 0.1
 6,   47, 1553.2771,  780.8219, 0.1
 6,   49, 1431.5791,  775.3421, 0.1
 6,   43, 1294.1814,  769.6006, 0.1
 6,   41, 1145.3316,  763.1932, 0.1
 6,   40,  983.1383,  756.4987, 0.1
 6,   45,  807.6407,  749.1314, 0.1
 6,   42,  615.3309,  741.4043, 0.1
 6,   39, 1862.1407,  650.2337, 0.1
 6,   38, 1765.3636,  640.2456, 0.1
 6,   35, 1663.4756,  628.9832, 0.1
 6,   37, 1552.7079,  616.9810, 0.1
 6,   36, 1430.9460,  604.1029, 0.1
 6,   34, 1293.5036,  590.8284, 0.1
 6,   33, 1145.8658,  576.4937, 0.1
 6,   32,  984.9414,  561.1630, 0.1
 6,   31,  808.8353,  545.1670, 0.1
 6,   30,  617.2725,  528.8515, 0.1
 6,   29, 1857.1660,  507.3149, 0.1
 6,   28, 1763.6698,  491.2705, 0.1
 6,   27, 1661.5107,  473.8473, 0.1
 6,   26, 1551.0227,  455.1793, 0.1
 6,   24, 1428.6075,  435.4336, 0.1
 6,   22, 1293.1787,  414.8173, 0.1
 6,   20, 1146.5439,  392.7680, 0.1
 6,   19, 1853.9495,  366.1155, 0.1
 6,   21,  986.3625,  369.4750, 0.1
 6, 1002, 1761.1662,  344.3868, 0.1
 6,   23,  812.4642,  345.0481, 0.1
 6,   18, 1658.5668,  321.3220, 0.1
 6,   25,  623.2232,  319.8020, 0.1
 6,   16, 1547.1679,  296.6144, 0.1
 6,   15, 1426.1586,  270.2743, 0.1
 6,   13, 1292.3135,  242.7394, 0.1
 6,   11, 1850.4265,  226.7152, 0.1
 6,   12, 1146.9646,  213.5151, 0.1
 6,   10, 1755.7801,  200.3043, 0.1
 6,   14,  988.4437,  182.7605, 0.1
 6,    9, 1655.0577,  171.5885, 0.1
 6, 1001,  816.1388,  150.5084, 0.1
 6,    7, 1544.0241,  141.1627, 0.1
 6,   17,  629.9163,  116.3978, 0.1
 6,    5, 1423.6756,  108.7658, 0.1
 6,    3, 1291.3006,   74.9185, 0.1
 6,    2, 1147.1017,   39.2533, 0.1
 7,   81, 1137.3199, 1560.1950, 0.1
 7,   92, 1456.2828, 1525.0973, 0.1
 7,   71,  965.3145, 1428.8936, 0.1
 7, 1003, 1275.9064, 1397.5568, 0.1
 7,   94, 1580.0609, 1362.9760, 0.1
 7,   61,  805.4940, 1303.4084, 0.1
 7,   73, 1105.8189, 1276.0710, 0.1
 7,   83, 1403.7442, 1245.2470, 0.1
 7,   95, 1692.2975, 1212.9397, 0.1
 7,   50,  658.1605, 1185.8849, 0.1
 7,   62,  946.8388, 1160.4746, 0.1
 7,   75, 1236.4938, 1132.3508, 0.1
 7,   84, 1520.6579, 1103.8008, 0.1
 7,   97, 1794.2243, 1073.5733, 0.1
 7,   42,  521.8905, 1073.5001, 0.1
 7,   51,  799.0641, 1051.6941, 0.1
 7,   64, 1078.9071, 1026.2252, 0.1
 7,   77, 1357.0209,  999.2566, 0.1
 7,   30,  399.2203,  974.3037, 0.1
 7,   85, 1627.2866,  972.6470, 0.1
 7,   45,  662.1176,  948.1460, 0.1
 7,   96, 1886.2420,  945.7560, 0.1
 7,   54,  931.5794,  924.8242, 0.1
 7,   65, 1201.6967,  901.4988, 0.1
 7,   25,  285.5306,  879.0829, 0.1
 7,   78, 1467.4371,  876.0122, 0.1
 7,   31,  537.2102,  855.7219, 0.1
 7,   87, 1724.5317,  850.5671, 0.1
 7,   40,  795.0004,  831.9566, 0.1
 7,   93, 1969.7217,  828.2124, 0.1
 7,   55, 1055.9025,  808.6163, 0.1
 7,   17,  180.9900,  791.4337, 0.1
 7,   67, 1315.1203,  785.0644, 0.1
 7,   23,  421.9354,  768.3571, 0.1
 7,   79, 1568.4427,  761.9198, 0.1
 7,   32,  668.4404,  744.7081, 0.1
 7,   86, 1812.5510,  740.0609, 0.1
 7,   41,  919.3805,  721.5397, 0.1
 7,   91, 2045.5237,  720.4391, 0.1
 7,    8,   84.6891,  710.9733, 0.1
 7,   56, 1171.3164,  699.3866, 0.1
 7, 1001,  316.1135,  688.2195, 0.1
 7,   69, 1419.8111,  676.4449, 0.1
 7,   21,  551.9249,  664.5377, 0.1
 7,   76, 1660.7030,  657.7551, 0.1
 7,   33,  792.7540,  641.4587, 0.1
 7,   82, 1892.3287,  639.3797, 0.1
 7,   89, 2114.7928,  621.5084, 0.1
 7,   43, 1036.0206,  618.2695, 0.1
 7,    6,  217.9674,  612.9373, 0.1
 7,   59, 1278.4176,  596.0783, 0.1
 7,   14,  444.1865,  589.9635, 0.1
 7,   68, 1515.3968,  579.2322, 0.1
 7,   20,  675.0398,  566.6206, 0.1
 7,   74, 1745.0763,  561.5091, 0.1
 7, 1004, 1966.1254,  544.7616, 0.1
 7,   34,  909.4825,  544.5232, 0.1
 7,   88, 2178.4831,  530.2285, 0.1
 7,   49, 1144.7091,  520.7731, 0.1
 7,    4,  344.4674,  520.3720, 0.1
 7,   58, 1377.1441,  504.4250, 0.1
 7,   12,  566.0385,  497.4249, 0.1
 7,   66, 1603.6035,  488.4670, 0.1
 7,   22,  791.4571,  475.1641, 0.1
 7,   72, 1822.7679,  472.4582, 0.1
 7,   80, 2033.2396,  459.3475, 0.1
 7,   36, 1018.8625,  451.7838, 0.1
 7,   47, 1245.6009,  434.3277, 0.1
 7,    2,  465.0085,  433.3709, 0.1
 7,   57, 1468.2427,  419.3423, 0.1
 7,   13,  681.5977,  410.8547, 0.1
 7,   63, 1684.7646,  404.7858, 0.1
 7,   70, 1893.8437,  391.3180, 0.1
 7,   24,  901.0175,  388.5553, 0.1
 7,   37, 1121.2387,  369.6533, 0.1
 7,   44, 1339.2847,  354.3759, 0.1
 7,    3,  579.2875,  350.9763, 0.1
 7,   53, 1552.6916,  339.9657, 0.1
 7,   15,  790.9326,  329.3041, 0.1
 7,   60, 1759.4212,  327.7510, 0.1
 7,   26, 1004.1435,  309.5317, 0.1
 7,   35, 1216.8224,  294.0670, 0.1
 7,   46, 1426.3385,  278.8572, 0.1
 7,    5,  687.9036,  273.7677, 0.1
 7,   52, 1630.6978,  266.4489, 0.1
 7,   16,  894.1529,  254.9450, 0.1
 7,   27, 1100.7911,  237.7195, 0.1
 7,   38, 1305.7506,  223.6488, 0.1
 7,   48, 1507.1524,  208.3263, 0.1
 7,    7,  790.9495,  202.8387, 0.1
 7,   18,  991.5806,  185.2850, 0.1
 7,   28, 1191.3382,  170.1950, 0.1
 7,   39, 1388.7513,  154.9068, 0.1
 7,    9,  888.5148,  136.3277, 0.1
 7, 1002, 1082.9941,  120.1580, 0.1
 7,   29, 1275.8820,  107.7070, 0.1
 7,   10,  980.4225,   75.5522, 0.1
 7,   19, 1168.8319,   61.1478, 0.1
 7,   11, 1066.9693,   17.1414, 0.1
 8,   89, 1299.6545, 1666.2804, 0.1
 8,   91, 1214.4260, 1604.9192, 0.1
 8,   80, 1439.6192, 1602.2409, 0.1
 8, 1004, 1364.2148, 1542.7185, 0.1
 8,   93, 1122.9237, 1538.6310, 0.1
 8,   70, 1497.9079, 1484.9922, 0.1
 8,   82, 1281.7830, 1478.0153, 0.1
 8,   96, 1024.6515, 1466.7881, 0.1
 8,   72, 1425.4569, 1422.5576, 0.1
 8,   86, 1195.2989, 1409.0322, 0.1
 8,   97,  919.4643, 1389.1631, 0.1
 8,   60, 1552.7513, 1371.1095, 0.1
 8,   74, 1346.9983, 1355.2436, 0.1
 8,   87, 1101.8350, 1334.1916, 0.1
 8,   63, 1483.2731, 1306.0958, 0.1
 8,   95,  806.6118, 1304.8138, 0.1
 8,   76, 1263.3864, 1282.9767, 0.1
 8,   52, 1606.1392, 1261.2910, 0.1
 8,   85, 1000.2919, 1253.0904, 0.1
 8,   66, 1408.7129, 1236.3315, 0.1
 8,   94,  687.0178, 1213.7903, 0.1
 8,   79, 1174.2910, 1205.3737, 0.1
 8,   53, 1539.2047, 1193.8517, 0.1
 8,   84,  892.8411, 1165.7403, 0.1
 8,   68, 1328.9825, 1161.5245, 0.1
 8,   48, 1657.1679, 1155.1110, 0.1
 8,   57, 1467.7382, 1121.7673, 0.1
 8,   78, 1078.2620, 1121.7826, 0.1
 8,   92,  559.3668, 1115.3855, 0.1
 8,   46, 1592.4233, 1085.6987, 0.1
 8,   69, 1244.8295, 1081.6511, 0.1
 8,   83,  778.6249, 1071.6826, 0.1
 8,   39, 1704.6681, 1052.6912, 0.1
 8,   58, 1392.1321, 1044.9877, 0.1
 8,   77,  976.0405, 1031.9806, 0.1
 8,   44, 1523.8296, 1011.6484, 0.1
 8,   90,  424.1163, 1009.5411, 0.1
 8,   67, 1152.3210,  995.5698, 0.1
 8,   38, 1641.2005,  981.6013, 0.1
 8, 1003,  657.1552,  970.6377, 0.1
 8,   59, 1311.8368,  962.8905, 0.1
 8,   29, 1747.2932,  954.2978, 0.1
 8,   47, 1452.0171,  933.0889, 0.1
 8,   75,  867.1835,  935.4991, 0.1
 8,   35, 1576.5562,  906.1549, 0.1
 8,   65, 1054.5714,  903.6748, 0.1
 8,   28, 1688.8274,  882.0181, 0.1
 8,   56, 1222.9006,  875.1040, 0.1
 8,   19, 1789.5652,  860.1039, 0.1
 8,   81,  528.9615,  862.5728, 0.1
 8,   49, 1375.4631,  849.3879, 0.1
 8,   73,  751.0091,  832.4115, 0.1
 8,   37, 1508.0492,  826.1472, 0.1
 8,   27, 1626.4663,  805.3600, 0.1
 8,   64,  951.2123,  805.5082, 0.1
 8, 1002, 1733.9701,  786.8085, 0.1
 8,   55, 1130.0483,  781.6961, 0.1
 8,   11, 1829.9500,  769.8772, 0.1
 8,   43, 1290.5680,  760.3062, 0.1
 8,   36, 1434.6153,  741.2047, 0.1
 8,   26, 1560.7792,  724.3010, 0.1
 8,   71,  628.6848,  722.7993, 0.1
 8,   18, 1673.4220,  709.3492, 0.1
 8,   10, 1774.8041,  695.9262, 0.1
 8,   62,  841.1788,  701.2407, 0.1
 8,   54, 1032.4219,  682.2645, 0.1
 8,   41, 1201.7308,  665.7922, 0.1
 8,   34, 1352.9887,  651.4900, 0.1
 8,   24, 1489.5358,  638.6562, 0.1
 8,   16, 1609.3322,  627.6386, 0.1
 8,    9, 1717.8265,  617.9162, 0.1
 8,   61,  725.1602,  590.7278, 0.1
 8,   51,  927.0542,  577.2149, 0.1
 8,   40, 1107.8594,  565.9186, 0.1
 8,   33, 1268.6442,  556.5433, 0.1
 8,   22, 1412.5420,  548.5448, 0.1
 8,   15, 1541.7047,  541.6340, 0.1
 8,    7, 1656.2045,  535.8499, 0.1
 8,   50,  816.7068,  466.4769, 0.1
 8,   45, 1010.0721,  460.2902, 0.1
 8,   32, 1179.7505,  456.3947, 0.1
 8,   20, 1332.0662,  453.4739, 0.1
 8,    5, 1591.1728,  449.7951, 0.1
 8,   13, 1468.4513,  451.2916, 0.1
 8,    3, 1521.2799,  359.7446, 0.1
 8,   12, 1391.5374,  356.5845, 0.1
 8,   21, 1246.8175,  353.6848, 0.1
 8,   31, 1085.2036,  351.3248, 0.1
 8,   42,  905.5579,  349.4767, 0.1
 8,    2, 1447.3326,  265.4836, 0.1
 8,   14, 1310.1450,  257.3074, 0.1
 8,   23, 1157.3086,  249.0199, 0.1
 8,   30,  985.0966,  241.5704, 0.1
 8,    4, 1370.0138,  166.7764, 0.1
 8, 1001, 1224.4848,  153.5849, 0.1
 8,   25, 1062.6960,  139.9389, 0.1
 8,    6, 1288.3947,   63.9286, 0.1
 8,   17, 1135.2311,   45.1134, 0.1
 9,   96, 1209.8141, 1465.6696, 0.1
 9,   93, 1423.5600, 1464.3762, 0.1
 9,   97,  995.4850, 1464.7859, 0.1
 9,   95,  782.5039, 1461.7081, 0.1
 9,   91, 1634.5002, 1460.9813, 0.1
 9,   89, 1841.3259, 1456.2383, 0.1
 9,   94,  572.9603, 1456.3301, 0.1
 9,   88, 2044.0738, 1450.9854, 0.1
 9,   92,  367.6972, 1449.9841, 0.1
 9,   90,  166.5078, 1443.5930, 0.1
 9,   87, 1207.7390, 1262.8550, 0.1
 9,   85, 1000.9774, 1262.8214, 0.1
 9,   86, 1413.8443, 1262.2307, 0.1
 9,   84,  795.6300, 1260.5585, 0.1
 9,   82, 1616.7641, 1260.4533, 0.1
 9, 1004, 1816.2915, 1256.5446, 0.1
 9,   83,  593.7994, 1256.6593, 0.1
 9,   80, 2010.2406, 1253.1363, 0.1
 9, 1003,  396.4283, 1251.7526, 0.1
 9,   81,  203.8072, 1246.5227, 0.1
 9,   76, 1403.6826, 1074.2322, 0.1
 9,   79, 1205.3648, 1074.2766, 0.1
 9,   74, 1599.5346, 1073.1775, 0.1
 9,   78, 1006.5155, 1073.9679, 0.1
 9,   77,  808.8102, 1072.4377, 0.1
 9,   72, 1791.4649, 1070.9375, 0.1
 9,   75,  614.4206, 1069.9924, 0.1
 9,   70, 1978.2768, 1069.0908, 0.1
 9,   73,  424.6061, 1067.6161, 0.1
 9,   71,  239.7048, 1064.5185, 0.1
 9,   60, 1946.7527,  898.8151, 0.1
 9,   63, 1766.6759,  899.0934, 0.1
 9,   66, 1582.1350,  899.3584, 0.1
 9,   68, 1393.8002,  899.3521, 0.1
 9,   67, 1011.8949,  898.8251, 0.1
 9,   69, 1203.3368,  898.2333, 0.1
 9,   65,  821.9152,  898.4460, 0.1
 9,   64,  634.8327,  897.1428, 0.1
 9,   62,  452.1602,  896.1838, 0.1
 9,   61,  274.0133,  894.9562, 0.1
 9,   52, 1916.7286,  740.1847, 0.1
 9,   53, 1742.9643,  739.3465, 0.1
 9,   57, 1565.1575,  738.4954, 0.1
 9,   50,  307.2851,  738.0264, 0.1
 9,   51,  478.7238,  737.4285, 0.1
 9,   58, 1384.1911,  737.0830, 0.1
 9,   56, 1017.2797,  737.0281, 0.1
 9,   55,  834.7275,  737.0851, 0.1
 9,   54,  654.6220,  736.1714, 0.1
 9,   59, 1201.1591,  735.4219, 0.1
 9,   48, 1887.7897,  593.0658, 0.1
 9,   46, 1719.8711,  591.7281, 0.1
 9,   45,  503.8961,  589.0106, 0.1
 9,   42,  337.7820,  590.6011, 0.1
 9,   44, 1548.5477,  590.0076, 0.1
 9,   40,  674.2249,  589.2339, 0.1
 9,   41,  847.2156,  588.1726, 0.1
 9,   47, 1374.7258,  587.4872, 0.1
 9,   43, 1022.5547,  587.2310, 0.1
 9,   49, 1199.0161,  585.4810, 0.1
 9,   30,  369.6249,  459.2630, 0.1
 9,   39, 1859.4027,  458.1346, 0.1
 9,   38, 1697.0547,  457.3611, 0.1
 9,   31,  529.3980,  455.8030, 0.1
 9,   35, 1532.5466,  453.8898, 0.1
 9,   32,  692.8873,  453.3734, 0.1
 9,   33,  859.2380,  452.2428, 0.1
 9,   37, 1365.5226,  450.6858, 0.1
 9,   34, 1027.5244,  451.2681, 0.1
 9,   36, 1196.8715,  448.7849, 0.1
 9,   29, 1831.4478,  336.2353, 0.1
 9,   25,  398.8820,  335.0280, 0.1
 9,   28, 1675.7875,  332.1269, 0.1
 9,   23,  553.2745,  331.6333, 0.1
 9,   21,  710.7868,  329.2730, 0.1
 9,   27, 1517.2684,  328.6949, 0.1
 9,   20,  870.7014,  327.0785, 0.1
 9,   26, 1356.6969,  325.3142, 0.1
 9,   22, 1032.2451,  325.8464, 0.1
 9,   24, 1194.6174,  324.3498, 0.1
 9,   19, 1805.8669,  221.7112, 0.1
 9,   17,  426.4746,  220.6614, 0.1
 9, 1001,  575.9439,  217.9456, 0.1
 9, 1002, 1655.7390,  216.7152, 0.1
 9,   14,  727.6699,  214.7813, 0.1
 9,   18, 1502.8672,  213.7731, 0.1
 9,   12,  881.4837,  212.2731, 0.1
 9,   16, 1348.2271,  211.4449, 0.1
 9,   13, 1036.6177,  210.7958, 0.1
 9,   15, 1192.6578,  209.8337, 0.1
 9,    8,  452.7718,  115.7022, 0.1
 9,   11, 1781.9003,  115.3079, 0.1
 9,   10, 1636.4401,  112.1131, 0.1
 9,    6,  597.1590,  112.1213, 0.1
 9,    4,  743.5073,  108.9402, 0.1
 9,    9, 1489.3561,  107.7900, 0.1
 9,    2,  891.6216,  106.8763, 0.1
 9,    7, 1340.4712,  105.5402, 0.1
 9,    3, 1040.9367,  104.8327, 0.1
 9,    5, 1190.8462,  104.0911, 0.1
10,   70,  877.0848, 1650.5079, 0.1
10,   60, 1039.2723, 1621.4932, 0.1
10,   52, 1190.6764, 1593.7641, 0.1
10,   48, 1331.5117, 1566.9686, 0.1
10,   39, 1461.1029, 1540.6364, 0.1
10,   29, 1578.4635, 1514.6366, 0.1
10,   89,  509.2691, 1516.1979, 0.1
10,   19, 1688.9915, 1490.6350, 0.1
10, 1004,  698.2705, 1493.4614, 0.1
10,   11, 1791.9576, 1468.1043, 0.1
10,   72,  874.2787, 1470.8480, 0.1
10,   63, 1037.5170, 1448.2490, 0.1
10,   53, 1189.7628, 1426.3988, 0.1
10,   46, 1330.8743, 1405.1069, 0.1
10,   38, 1459.7059, 1384.0576, 0.1
10,   28, 1580.1932, 1364.3246, 0.1
10, 1002, 1691.5436, 1345.6228, 0.1
10,   10, 1792.7745, 1327.5074, 0.1
10,   91,  504.5434, 1318.8532, 0.1
10,   82,  693.8107, 1302.8983, 0.1
10,   74,  871.0780, 1287.2508, 0.1
10,   66, 1035.8264, 1271.4261, 0.1
10,   57, 1188.8169, 1255.9018, 0.1
10,   44, 1330.5075, 1240.5936, 0.1
10,   35, 1460.8624, 1225.9079, 0.1
10,   27, 1581.2687, 1211.7496, 0.1
10,   18, 1692.1113, 1198.2711, 0.1
10,    9, 1794.6282, 1185.5462, 0.1
10,   93,  500.9858, 1118.4462, 0.1
10,   86,  691.4004, 1109.8403, 0.1
10,   76,  868.8394, 1100.7840, 0.1
10,   68, 1034.3438, 1091.8717, 0.1
10,   58, 1188.3998, 1083.1591, 0.1
10,   47, 1330.9610, 1074.3957, 0.1
10,   37, 1461.8106, 1065.8844, 0.1
10,   26, 1582.2564, 1057.6651, 0.1
10,   16, 1692.0711, 1049.8043, 0.1
10,    7, 1794.5042, 1042.3956, 0.1
10,   87,  689.9237,  914.7391, 0.1
10,   96,  499.2089,  916.2920, 0.1
10,   79,  867.5540,  912.7671, 0.1
10,   69, 1033.8940,  910.9643, 0.1
10,   59, 1188.2428,  908.9624, 0.1
10,   49, 1330.9301,  906.9323, 0.1
10,   36, 1461.5852,  904.7874, 0.1
10,   24, 1581.1019,  902.6319, 0.1
10,   15, 1691.4530,  900.6649, 0.1
10,    5, 1793.7070,  898.7375, 0.1
10,    3, 1790.8524,  755.2866, 0.1
10,   13, 1688.4157,  751.5627, 0.1
10,   22, 1577.6001,  747.6602, 0.1
10,   34, 1457.2672,  743.5957, 0.1
10,   43, 1327.4566,  739.2106, 0.1
10,   56, 1185.0165,  734.5812, 0.1
10,   67, 1031.7762,  729.7503, 0.1
10,   78,  866.5161,  724.8510, 0.1
10,   85,  688.8014,  719.6614, 0.1
10,   97,  499.3019,  714.3742, 0.1
10,    2, 1786.8309,  612.5902, 0.1
10,   12, 1684.9495,  603.4147, 0.1
10,   20, 1574.4836,  593.7862, 0.1
10,   33, 1454.5009,  583.5845, 0.1
10,   41, 1324.7648,  572.7850, 0.1
10,   55, 1183.2749,  561.6595, 0.1
10,   65, 1030.5931,  550.1987, 0.1
10,   77,  866.5776,  538.2698, 0.1
10,   84,  689.7479,  526.2402, 0.1
10,   95,  501.1781,  514.1285, 0.1
10,    4, 1782.8019,  471.1633, 0.1
10,   14, 1680.6311,  456.8661, 0.1
10,   21, 1570.5328,  441.6866, 0.1
10,   32, 1451.6045,  425.6222, 0.1
10,   40, 1322.0496,  408.9163, 0.1
10,   54, 1182.5023,  391.3333, 0.1
10,   64, 1030.2373,  373.5674, 0.1
10,   75,  867.4350,  355.1302, 0.1
10,    6, 1777.7392,  331.7244, 0.1
10,   83,  692.1863,  336.5010, 0.1
10, 1001, 1675.7447,  312.5066, 0.1
10,   94,  505.2108,  317.4418, 0.1
10,   23, 1566.4885,  292.0631, 0.1
10,   31, 1447.6053,  270.5241, 0.1
10,   45, 1320.5895,  247.6247, 0.1
10,   51, 1179.7496,  225.1394, 0.1
10,   62, 1029.6449,  201.2195, 0.1
10,    8, 1772.2531,  194.5231, 0.1
10,   73,  868.2362,  176.4843, 0.1
10,   17, 1671.1782,  170.5313, 0.1
10, 1003,  695.3928,  151.0190, 0.1
10,   25, 1561.4471,  145.5947, 0.1
10,   92,  510.1514,  125.0700, 0.1
10,   30, 1442.6583,  119.2737, 0.1
10,   42, 1317.4769,   90.5281, 0.1
10,   50, 1177.6147,   63.1555, 0.1
10,   61, 1029.3509,   33.3149, 0.1
11,   88,  927.4866, 1529.9439, 0.1
11,   80, 1084.2958, 1413.3542, 0.1
11,   89,  812.1928, 1390.1555, 0.1
11,   70, 1233.1029, 1301.4042, 0.1
11, 1004,  965.9241, 1281.0873, 0.1
11,   91,  706.5621, 1259.5749, 0.1
11,   60, 1373.0327, 1195.0451, 0.1
11,   72, 1112.5539, 1177.0489, 0.1
11,   82,  856.8167, 1158.7234, 0.1
11,   93,  609.8785, 1138.3725, 0.1
11,   52, 1504.0668, 1093.4252, 0.1
11,   63, 1251.2765, 1078.4999, 0.1
11,   74, 1000.7159, 1061.6357, 0.1
11,   86,  756.2790, 1043.3903, 0.1
11,   96,  521.8214, 1025.7490, 0.1
11,   48, 1626.3510,  997.2526, 0.1
11,   53, 1381.7279,  984.2642, 0.1
11,   66, 1137.4892,  969.3613, 0.1
11,   76,  897.0696,  953.3646, 0.1
11,   87,  664.3283,  937.0271, 0.1
11,   97,  441.4504,  922.1765, 0.1
11,   39, 1739.7169,  907.7774, 0.1
11,   46, 1503.8490,  895.1502, 0.1
11,   57, 1266.8746,  881.6959, 0.1
11,   68, 1031.6059,  867.3231, 0.1
11,   79,  801.6906,  852.6846, 0.1
11,   85,  579.9556,  839.4003, 0.1
11,   29, 1843.8926,  826.5975, 0.1
11,   95,  367.8405,  825.9371, 0.1
11,   38, 1617.3405,  813.0749, 0.1
11,   44, 1388.3979,  798.5534, 0.1
11,   58, 1159.4875,  785.1550, 0.1
11,   69,  933.6254,  771.8883, 0.1
11,   78,  714.2961,  760.6379, 0.1
11,   19, 1941.4285,  748.6145, 0.1
11,   84,  502.4934,  748.2125, 0.1
11,   94,  300.2744,  736.7176, 0.1
11,   28, 1723.3512,  734.6574, 0.1
11,   35, 1502.3804,  721.0683, 0.1
11,   47, 1280.3974,  707.2040, 0.1
11,   59, 1059.3165,  694.7340, 0.1
11,   67,  842.8357,  684.9146, 0.1
11,   11, 2032.4410,  675.3385, 0.1
11,   77,  633.4221,  674.4070, 0.1
11,   83,  431.4156,  664.0499, 0.1
11, 1002, 1822.1972,  661.3528, 0.1
11,   92,  238.1809,  654.4284, 0.1
11,   27, 1608.9417,  648.2520, 0.1
11,   37, 1394.0474,  634.5252, 0.1
11,   49, 1178.7993,  621.7275, 0.1
11,   56,  966.1433,  613.2697, 0.1
11,   65,  759.0417,  603.7934, 0.1
11,   10, 1913.9389,  594.5575, 0.1
11,   75,  559.1533,  594.7133, 0.1
11, 1003,  365.9942,  585.8728, 0.1
11,   18, 1708.3853,  580.2665, 0.1
11,   90,  179.7288,  577.6418, 0.1
11,   26, 1500.6696,  566.4694, 0.1
11,   36, 1291.7811,  554.0035, 0.1
11,   43, 1084.1657,  545.3763, 0.1
11,   55,  879.7014,  536.4473, 0.1
11,   64,  681.4210,  527.9781, 0.1
11,   73,  489.8542,  520.9380, 0.1
11,    9, 1801.4986,  516.5728, 0.1
11,   81,  305.0199,  513.1954, 0.1
11,   16, 1600.3444,  503.9052, 0.1
11,   24, 1397.9754,  491.0766, 0.1
11,   34, 1195.5255,  482.0653, 0.1
11,   41,  995.3365,  472.4489, 0.1
11,   54,  799.6359,  464.2284, 0.1
11,   62,  610.0386,  458.3306, 0.1
11,   71,  426.3432,  452.7969, 0.1
11,    7, 1694.1187,  444.2883, 0.1
11,   15, 1498.0352,  431.9660, 0.1
11,   22, 1301.1470,  422.0753, 0.1
11,   33, 1105.6116,  412.9402, 0.1
11,   40,  913.1220,  404.9722, 0.1
11,   51,  725.1369,  398.6840, 0.1
11,   61,  543.3224,  393.1130, 0.1
11,    5, 1592.2373,  376.0604, 0.1
11,   13, 1401.0503,  365.9083, 0.1
11,   20, 1210.4532,  356.6808, 0.1
11,   32, 1021.7991,  348.4645, 0.1
11,   45,  836.0976,  340.2179, 0.1
11,   50,  656.1109,  337.1148, 0.1
11,    3, 1495.5877,  313.2805, 0.1
11,   12, 1309.6273,  303.7972, 0.1
11,   21, 1125.0742,  295.6087, 0.1
11,   31,  942.9040,  288.3189, 0.1
11,   42,  764.2543,  281.2126, 0.1
11,    2, 1403.7034,  254.3443, 0.1
11,   14, 1223.5482,  245.7714, 0.1
11,   23, 1045.0288,  238.2330, 0.1
11,   30,  869.4763,  233.4004, 0.1
11,    4, 1317.4908,  198.5191, 0.1
11, 1001, 1142.4479,  191.2971, 0.1
11,   25,  970.2347,  185.0706, 0.1
11,    6, 1235.6578,  146.5539, 0.1
11,   17, 1066.1741,  139.6888, 0.1
11,    8, 1158.2080,   97.6282, 0.1
12,   19, 1340.8973, 1625.4494, 0.1
12,   10, 1486.2165, 1601.5302, 0.1
12,   29, 1267.3707, 1530.7324, 0.1
12, 1002, 1422.4837, 1512.1451, 0.1
12,    9, 1559.3274, 1494.1694, 0.1
12,   39, 1191.2510, 1430.1460, 0.1
12,   28, 1352.9034, 1416.4052, 0.1
12,   18, 1498.1620, 1403.6877, 0.1
12,    7, 1627.1245, 1391.4908, 0.1
12,   48, 1107.6461, 1321.6216, 0.1
12,   38, 1278.8611, 1314.4989, 0.1
12,   27, 1433.2989, 1307.5725, 0.1
12,   16, 1569.5076, 1300.5371, 0.1
12,    5, 1691.0881, 1293.8062, 0.1
12,   26, 1509.4158, 1204.5066, 0.1
12,   35, 1364.1544, 1205.4215, 0.1
12,   15, 1636.7011, 1202.7000, 0.1
12,   46, 1201.8006, 1206.1019, 0.1
12,    3, 1750.0101, 1201.0159, 0.1
12,   52, 1018.0448, 1205.5091, 0.1
12,    2, 1805.2998, 1112.5713, 0.1
12,   13, 1698.4483, 1109.7798, 0.1
12,   24, 1579.5282, 1106.4867, 0.1
12,   37, 1444.2860, 1102.5192, 0.1
12,   44, 1290.8563, 1096.8656, 0.1
12,   53, 1118.3329, 1090.3232, 0.1
12,   60,  923.5983, 1081.8506, 0.1
12,    4, 1857.9205, 1029.3347, 0.1
12,   12, 1756.5678, 1021.9106, 0.1
12,   22, 1643.7031, 1013.8686, 0.1
12,   36, 1518.9269, 1004.9938, 0.1
12,   47, 1375.1570,  994.4431, 0.1
12,   57, 1212.4129,  981.8675, 0.1
12,   63, 1030.1625,  967.4046, 0.1
12,    6, 1906.9522,  950.1764, 0.1
12,   70,  825.0106,  950.5657, 0.1
12,   14, 1811.0331,  938.8476, 0.1
12,   20, 1704.7579,  926.6715, 0.1
12,   34, 1585.5749,  912.9024, 0.1
12,   49, 1453.9975,  897.6142, 0.1
12,    8, 1953.2080,  875.0282, 0.1
12,   58, 1301.0732,  879.9615, 0.1
12, 1001, 1862.2567,  860.3841, 0.1
12,   66, 1129.9188,  859.9667, 0.1
12,   21, 1761.8379,  844.3617, 0.1
12,   72,  938.1163,  837.3375, 0.1
12,   33, 1649.8228,  826.6287, 0.1
12,   43, 1524.4385,  806.9865, 0.1
12,   80,  721.2580,  811.7206, 0.1
12,   17, 1910.9601,  786.3256, 0.1
12,   59, 1384.1525,  784.5899, 0.1
12,   23, 1815.6330,  767.0006, 0.1
12,   68, 1223.2016,  759.5562, 0.1
12,   32, 1709.9059,  745.8404, 0.1
12,   74, 1043.1272,  731.8023, 0.1
12,   41, 1591.9157,  721.7470, 0.1
12,   25, 1865.5272,  694.2220, 0.1
12, 1004,  841.0387,  700.4891, 0.1
12,   56, 1459.0445,  695.3514, 0.1
12,   31, 1766.0976,  669.3061, 0.1
12,   69, 1310.5575,  666.1400, 0.1
12,   88,  613.5271,  666.2455, 0.1
12,   40, 1654.5601,  642.3505, 0.1
12,   76, 1141.7049,  633.3461, 0.1
12,   55, 1529.9024,  612.2350, 0.1
12,   30, 1817.4938,  597.9843, 0.1
12,   82,  951.9056,  597.4728, 0.1
12,   67, 1390.2379,  579.1745, 0.1
12,   45, 1714.8938,  567.6346, 0.1
12,   89,  739.3929,  557.7743, 0.1
12,   79, 1233.4984,  542.3272, 0.1
12,   54, 1596.7792,  534.7995, 0.1
12,   42, 1769.9877,  497.6848, 0.1
12,   86, 1056.5705,  501.8732, 0.1
12,   65, 1464.7299,  498.3502, 0.1
12,   51, 1657.4891,  462.4514, 0.1
12,   78, 1317.5505,  458.3624, 0.1
12,   91,  857.2176,  457.7880, 0.1
12,   64, 1534.5937,  423.0951, 0.1
12,   87, 1153.1638,  413.8691, 0.1
12,   50, 1714.7348,  394.9901, 0.1
12,   77, 1396.5517,  380.2727, 0.1
12,   93,  966.7639,  365.7790, 0.1
12,   62, 1598.9876,  353.6661, 0.1
12,   85, 1242.0095,  332.7007, 0.1
12,   75, 1469.8385,  308.1974, 0.1
12,   61, 1659.5799,  288.1959, 0.1
12,   96, 1068.7473,  281.2438, 0.1
12,   84, 1325.2411,  257.4929, 0.1
12,   73, 1537.8215,  240.1536, 0.1
12,   97, 1162.8126,  203.5169, 0.1
12,   83, 1402.3882,  188.1294, 0.1
12,   71, 1600.9075,  177.8337, 0.1
12,   95, 1250.4758,  131.7286, 0.1
12, 1003, 1474.3840,  123.8509, 0.1
12,   81, 1541.4828,   63.5146, 0.1
12,   94, 1331.9911,   65.5888, 0.1
13,   60,  802.5730, 1429.2063, 0.1
13,   70,  587.8831, 1429.0643, 0.1
13,   80,  378.1903, 1427.9921, 0.1
13,   88,  172.6933, 1426.7673, 0.1
13,   52, 1020.1303, 1426.8101, 0.1
13,   48, 1239.3285, 1421.9010, 0.1
13,   39, 1457.4685, 1415.2894, 0.1
13,   29, 1670.8456, 1408.3998, 0.1
13,   19, 1880.0498, 1398.9979, 0.1
13,   11, 2084.9841, 1389.0428, 0.1
13,   89,  209.6171, 1230.0944, 0.1
13,   72,  606.0967, 1229.4490, 0.1
13, 1004,  405.0596, 1229.6451, 0.1
13,   63,  811.9739, 1228.8210, 0.1
13,   53, 1020.7185, 1226.1355, 0.1
13,   46, 1230.8556, 1221.8118, 0.1
13,   38, 1439.4963, 1217.2128, 0.1
13,   28, 1645.0032, 1210.1169, 0.1
13, 1002, 1845.7885, 1202.2654, 0.1
13,   10, 2040.3980, 1195.4336, 0.1
13,   91,  244.4531, 1049.2905, 0.1
13,   82,  432.1565, 1047.8719, 0.1
13,   74,  624.6188, 1045.8457, 0.1
13,   66,  821.7201, 1043.6374, 0.1
13,   57, 1021.7335, 1040.6051, 0.1
13,   44, 1223.0257, 1036.3814, 0.1
13,   35, 1423.1480, 1032.0512, 0.1
13,   27, 1620.0848, 1026.8967, 0.1
13,   18, 1812.3746, 1021.5618, 0.1
13,    9, 1999.6741, 1015.8845, 0.1
13,   93,  277.7412,  882.8002, 0.1
13,   86,  457.4482,  878.9189, 0.1
13,   76,  642.5236,  876.2662, 0.1
13,   68,  831.4459,  873.0780, 0.1
13,   58, 1022.8165,  869.2470, 0.1
13,   47, 1215.6046,  865.1077, 0.1
13,   37, 1407.3179,  861.3341, 0.1
13,   26, 1596.1843,  857.6454, 0.1
13,   16, 1780.3967,  854.8970, 0.1
13,    7, 1960.2520,  851.3074, 0.1
13,   96,  309.9322,  729.8772, 0.1
13,   87,  482.2766,  724.3361, 0.1
13,   79,  659.9592,  720.4741, 0.1
13,   69,  840.6635,  715.9673, 0.1
13,   59, 1024.0313,  711.6577, 0.1
13,   49, 1208.5190,  707.5285, 0.1
13,   36, 1392.0893,  704.8674, 0.1
13,   24, 1573.0020,  703.0593, 0.1
13,   15, 1749.9994,  701.4813, 0.1
13,    5, 1922.8086,  699.7822, 0.1
13,   97,  340.5954,  589.4404, 0.1
13,   85,  506.9720,  584.0661, 0.1
13,   78,  676.8728,  578.9029, 0.1
13,   67,  850.3968,  574.2499, 0.1
13,   56, 1025.8256,  570.2753, 0.1
13,   43, 1201.9557,  567.0916, 0.1
13,   34, 1377.2247,  564.9357, 0.1
13,   22, 1550.4765,  563.1779, 0.1
13,   13, 1720.6180,  562.1583, 0.1
13,    3, 1886.8177,  562.0602, 0.1
13,   95,  369.8617,  460.5214, 0.1
13,   84,  529.8791,  454.2944, 0.1
13,   77,  692.8874,  448.5280, 0.1
13,   65,  859.4272,  444.1442, 0.1
13,   55, 1027.2020,  439.9274, 0.1
13,   41, 1195.6119,  436.5576, 0.1
13,    2, 1852.7140,  434.8925, 0.1
13,   33, 1363.5368,  435.1904, 0.1
13,   12, 1692.8777,  434.2161, 0.1
13,   20, 1529.7029,  434.3325, 0.1
13,   94,  397.2212,  341.4209, 0.1
13,   83,  551.5552,  335.2170, 0.1
13,   75,  708.2717,  329.3257, 0.1
13,   64,  868.1904,  324.6275, 0.1
13,   54, 1028.5393,  320.1423, 0.1
13,    4, 1820.9830,  318.0625, 0.1
13,   40, 1190.0872,  317.9972, 0.1
13,   14, 1666.8653,  317.0040, 0.1
13,   21, 1510.0893,  316.3389, 0.1
13,   32, 1350.9733,  316.4293, 0.1
13,   92,  423.0105,  232.0402, 0.1
13, 1003,  571.9778,  225.8154, 0.1
13,   73,  723.2021,  220.6302, 0.1
13,   62,  875.7644,  216.0095, 0.1
13,   51, 1030.2512,  212.1734, 0.1
13,    6, 1791.1010,  210.7182, 0.1
13, 1001, 1642.6206,  209.2046, 0.1
13,   23, 1491.8922,  207.8642, 0.1
13,   31, 1339.0229,  207.7660, 0.1
13,   45, 1184.9488,  207.3836, 0.1
13,   90,  447.2726,  131.1480, 0.1
13,   81,  590.7092,  124.9030, 0.1
13,   71,  736.7519,  120.7701, 0.1
13,   61,  883.4399,  115.7603, 0.1
13,   50, 1031.5673,  112.4368, 0.1
13,    8, 1763.3055,  111.6461, 0.1
13,   17, 1619.9894,  109.3033, 0.1
13,   30, 1327.8585,  109.2952, 0.1
13,   25, 1474.7585,  108.6597, 0.1
13,   42, 1180.0130,  107.1803, 0.1
14,   10,  857.7288, 1672.8109, 0.1
14,    9, 1016.3709, 1640.6038, 0.1
14,    7, 1162.4461, 1609.1019, 0.1
14,    5, 1297.4590, 1579.1340, 0.1
14,    3, 1420.7865, 1549.9232, 0.1
14,    2, 1535.2538, 1522.3372, 0.1
14,   19,  681.7788, 1521.2750, 0.1
14,    4, 1640.9738, 1496.5317, 0.1
14, 1002,  854.2687, 1495.0255, 0.1
14,    6, 1738.7805, 1471.9556, 0.1
14,   18, 1013.3705, 1469.0770, 0.1
14,    8, 1829.5929, 1448.9941, 0.1
14,   16, 1160.6250, 1444.0191, 0.1
14,   15, 1296.8694, 1419.9846, 0.1
14,   13, 1421.1233, 1396.7548, 0.1
14,   12, 1535.9045, 1374.6325, 0.1
14,   14, 1641.8354, 1353.7991, 0.1
14, 1001, 1739.8291, 1334.2502, 0.1
14,   29,  676.4288, 1332.0380, 0.1
14,   17, 1831.2001, 1315.6582, 0.1
14,   28,  849.8277, 1312.8258, 0.1
14,   27, 1010.5555, 1294.0737, 0.1
14,   26, 1159.5610, 1275.8908, 0.1
14,   24, 1296.2816, 1258.0934, 0.1
14,   22, 1420.5274, 1240.8089, 0.1
14,   20, 1535.8587, 1224.6458, 0.1
14,   21, 1642.2375, 1209.3465, 0.1
14,   23, 1740.6435, 1194.9666, 0.1
14,   25, 1831.1693, 1181.3644, 0.1
14,   39,  673.4490, 1139.9583, 0.1
14,   38,  845.7553, 1127.5280, 0.1
14,   35, 1007.6985, 1116.0547, 0.1
14,   37, 1157.4230, 1104.8010, 0.1
14,   36, 1295.3478, 1093.7809, 0.1
14,   34, 1419.3217, 1082.9328, 0.1
14,   33, 1535.1390, 1072.8340, 0.1
14,   32, 1641.8955, 1063.4810, 0.1
14,   31, 1740.4366, 1054.3791, 0.1
14,   30, 1830.0598, 1045.7821, 0.1
14,   48,  670.0220,  944.9326, 0.1
14,   46,  843.7854,  940.5244, 0.1
14,   44, 1005.2472,  936.3031, 0.1
14,   47, 1155.0343,  932.1201, 0.1
14,   49, 1293.5632,  927.9129, 0.1
14,   43, 1417.6588,  923.9111, 0.1
14,   41, 1533.9694,  919.9973, 0.1
14,   40, 1640.3480,  916.5120, 0.1
14,   45, 1740.3367,  913.2962, 0.1
14,   42, 1831.6272,  909.8941, 0.1
14,   50, 1826.3589,  773.7522, 0.1
14,   51, 1735.8172,  771.8736, 0.1
14,   54, 1638.3358,  769.4353, 0.1
14,   55, 1530.9694,  767.1861, 0.1
14,   56, 1415.1049,  764.7131, 0.1
14,   59, 1290.3234,  761.7540, 0.1
14,   58, 1152.0571,  758.9526, 0.1
14,   57, 1002.4335,  756.0869, 0.1
14,   53,  841.2667,  752.9692, 0.1
14,   52,  667.3394,  749.6970, 0.1
14,   61, 1823.1441,  638.1405, 0.1
14,   62, 1732.0522,  630.8455, 0.1
14,   64, 1634.1852,  623.6190, 0.1
14,   65, 1527.2266,  615.1718, 0.1
14,   67, 1411.7001,  606.3991, 0.1
14,   69, 1286.7432,  596.7992, 0.1
14,   68, 1149.0669,  587.4557, 0.1
14,   66, 1000.4103,  577.4180, 0.1
14,   63,  839.7140,  567.0129, 0.1
14,   60,  666.3354,  556.4742, 0.1
14,   71, 1818.2440,  504.0866, 0.1
14,   73, 1727.7092,  491.8654, 0.1
14,   75, 1629.8240,  478.2896, 0.1
14,   77, 1523.3300,  464.3515, 0.1
14,   78, 1407.6198,  449.7668, 0.1
14,   79, 1282.8833,  434.3367, 0.1
14,   76, 1146.4130,  418.1861, 0.1
14,   74,  998.7213,  401.2564, 0.1
14,   72,  839.5909,  383.6634, 0.1
14,   81, 1814.1854,  370.6305, 0.1
14,   70,  667.2377,  366.0055, 0.1
14, 1003, 1722.8170,  353.9699, 0.1
14,   83, 1624.4567,  335.9711, 0.1
14,   84, 1518.0507,  316.7037, 0.1
14,   85, 1402.9643,  296.3539, 0.1
14,   87, 1279.4240,  274.4032, 0.1
14,   86, 1144.0640,  252.1972, 0.1
14,   90, 1808.1131,  239.7127, 0.1
14,   82,  996.8909,  229.3656, 0.1
14,   92, 1716.9261,  218.4160, 0.1
14, 1004,  839.4986,  204.7554, 0.1
14,   94, 1618.6255,  195.7163, 0.1
14,   80,  668.6529,  180.3988, 0.1
14,   95, 1512.3125,  171.7824, 0.1
14,   97, 1398.0131,  146.1004, 0.1
14,   96, 1274.3019,  119.2390, 0.1
14,   93, 1140.4337,   90.9739, 0.1
14,   91,  995.5239,   61.6553, 0.1
14,   89,  839.1901,   31.2956, 0.1
15,   11, 1269.9281, 1502.9005, 0.1
15,   19, 1114.2559, 1383.5665, 0.1
15,   10, 1396.9728, 1361.3564, 0.1
15,   29,  969.0454, 1270.2430, 0.1
15, 1002, 1242.8472, 1249.4706, 0.1
15,    9, 1514.4557, 1227.1489, 0.1
15,   39,  833.5926, 1161.5731, 0.1
15,   28, 1098.1718, 1145.1007, 0.1
15,   18, 1362.4546, 1124.6143, 0.1
15,    7, 1622.2477, 1102.8096, 0.1
15,   48,  708.8793, 1061.9851, 0.1
15,   38,  963.0193, 1046.8128, 0.1
15,   27, 1219.0539, 1027.3692, 0.1
15,   16, 1472.9938, 1007.6415, 0.1
15,    5, 1720.9640,  987.1263, 0.1
15,   52,  594.5986,  970.1149, 0.1
15,   46,  837.2170,  953.0682, 0.1
15,   35, 1084.2753,  935.8074, 0.1
15,   26, 1331.3922,  916.2980, 0.1
15,   15, 1574.7532,  898.4448, 0.1
15,   60,  489.5617,  884.6836, 0.1
15,    3, 1810.6137,  881.2245, 0.1
15,   53,  721.1016,  867.2435, 0.1
15,   44,  958.4888,  849.8608, 0.1
15,   37, 1197.6820,  831.2199, 0.1
15,   24, 1435.5724,  814.0527, 0.1
15,   70,  392.3422,  804.2779, 0.1
15,   13, 1668.1705,  798.5253, 0.1
15,   63,  614.0798,  787.4390, 0.1
15,    2, 1893.3540,  782.6107, 0.1
15,   57,  841.3947,  770.0927, 0.1
15,   47, 1072.1283,  751.5421, 0.1
15,   36, 1303.4085,  733.9610, 0.1
15,   80,  303.2344,  730.5707, 0.1
15,   22, 1531.6885,  720.4847, 0.1
15,   72,  514.8483,  712.3607, 0.1
15,   12, 1753.8392,  705.4697, 0.1
15,   66,  733.0264,  695.7515, 0.1
15,    4, 1969.1066,  691.4328, 0.1
15,   58,  954.8918,  677.8332, 0.1
15,   88,  220.5399,  661.9211, 0.1
15,   49, 1178.7961,  659.4393, 0.1
15,   34, 1401.7259,  646.9427, 0.1
15, 1004,  423.3658,  643.3425, 0.1
15,   20, 1620.3839,  632.6422, 0.1
15,   74,  632.2985,  626.3499, 0.1
15,   14, 1832.9143,  619.3788, 0.1
15,   68,  845.8190,  609.3034, 0.1
15,    6, 2038.9957,  606.6785, 0.1
15,   59, 1061.7501,  590.8969, 0.1
15,   89,  339.0628,  580.1977, 0.1
15,   43, 1278.5611,  576.9787, 0.1
15,   33, 1492.9030,  563.7814, 0.1
15,   82,  539.2573,  562.4809, 0.1
15,   21, 1702.4190,  550.9192, 0.1
15,   76,  744.0734,  544.7064, 0.1
15, 1001, 1905.8616,  539.2203, 0.1
15,    8, 2103.7794,  527.7688, 0.1
15,   69,  952.2981,  527.0563, 0.1
15,   56, 1162.5321,  513.0526, 0.1
15,   91,  452.6241,  502.6644, 0.1
15,   41, 1371.5167,  498.7277, 0.1
15,   32, 1577.0188,  486.1156, 0.1
15,   86,  649.1027,  484.1414, 0.1
15,   23, 1778.1904,  474.8077, 0.1
15,   79,  850.0691,  467.6432, 0.1
15,   17, 1973.6366,  464.1433, 0.1
15,   67, 1053.2328,  452.6235, 0.1
15,   55, 1256.5834,  438.4839, 0.1
15,   93,  561.2549,  429.3484, 0.1
15,   40, 1457.9651,  425.5111, 0.1
15,   31, 1655.9065,  414.2132, 0.1
15,   87,  754.1475,  411.0805, 0.1
15,   25, 1848.2244,  404.4539, 0.1
15,   78,  950.4650,  396.1760, 0.1
15,   65, 1147.9871,  382.1356, 0.1
15,   54, 1344.4642,  367.8953, 0.1
15,   96,  665.1668,  360.3367, 0.1
15,   45, 1538.6410,  355.4913, 0.1
15,   30, 1728.5376,  348.2352, 0.1
15,   85,  854.2957,  344.1002, 0.1
15,   77, 1045.3936,  328.6442, 0.1
15,   64, 1237.0131,  315.7455, 0.1
15,   51, 1426.8320,  304.1647, 0.1
15,   97,  764.1524,  295.2932, 0.1
15,   42, 1613.8206,  291.6308, 0.1
15,   84,  949.1871,  279.9201, 0.1
15,   75, 1134.9421,  265.5840, 0.1
15,   62, 1320.4621,  254.2231, 0.1
15,   50, 1503.5665,  243.9589, 0.1
15,   95,  858.5213,  234.2464, 0.1
15,   83, 1038.8129,  219.5392, 0.1
15,   73, 1219.4680,  207.2082, 0.1
15,   61, 1398.8731,  196.4430, 0.1
15,   94,  948.0042,  176.1395, 0.1
15, 1003, 1123.6158,  162.9058, 0.1
15,   71, 1298.8645,  152.2389, 0.1
15,   92, 1032.7704,  121.7290, 0.1
15,   81, 1203.5969,  109.3728, 0.1
15,   90, 1113.2927,   70.6236, 0.1
16,    6, 1414.6600, 1656.4639, 0.1
16,   17, 1550.5091, 1592.3280, 0.1
16,    4, 1329.8971, 1590.3836, 0.1
16, 1001, 1474.5570, 1527.9703, 0.1
16,    2, 1239.0051, 1519.0296, 0.1
16,   25, 1603.4043, 1470.4874, 0.1
16,   14, 1393.7838, 1458.8882, 0.1
16,    3, 1141.3080, 1441.3861, 0.1
16,   23, 1531.7280, 1404.1024, 0.1
16,   12, 1307.3086, 1384.4009, 0.1
16,   30, 1653.2982, 1354.2408, 0.1
16,    5, 1036.8471, 1357.8034, 0.1
16,   21, 1454.3917, 1332.3923, 0.1
16,   13, 1214.3845, 1304.1740, 0.1
16,   31, 1585.3999, 1285.1664, 0.1
16,    7,  923.4209, 1266.5895, 0.1
16,   20, 1371.8216, 1255.2642, 0.1
16,   42, 1703.6124, 1242.3096, 0.1
16,   15, 1115.1756, 1217.1928, 0.1
16,   32, 1511.8923, 1210.7265, 0.1
16,   45, 1637.5206, 1171.0199, 0.1
16,   22, 1283.4580, 1172.2823, 0.1
16,    9,  802.1021, 1167.6682, 0.1
16,   50, 1745.5917, 1134.8891, 0.1
16,   33, 1432.8314, 1131.7400, 0.1
16,   16, 1007.3322, 1123.2524, 0.1
16,   40, 1565.5516, 1095.0282, 0.1
16,   24, 1189.8182, 1083.0163, 0.1
16,   51, 1682.8730, 1062.2071, 0.1
16,   10,  671.9453, 1060.7620, 0.1
16,   34, 1348.5823, 1046.6273, 0.1
16,   61, 1787.7710, 1032.5545, 0.1
16,   18,  892.4183, 1021.9679, 0.1
16,   41, 1490.5111, 1013.9763, 0.1
16,   54, 1616.6342,  984.5447, 0.1
16,   26, 1088.0732,  986.9085, 0.1
16,   62, 1727.1918,  958.4046, 0.1
16,   36, 1260.7155,  955.2854, 0.1
16,   11,  535.3135,  945.9106, 0.1
16,   71, 1826.9220,  934.7139, 0.1
16,   43, 1410.5754,  927.2754, 0.1
16, 1002,  770.2798,  913.0861, 0.1
16,   55, 1543.8424,  902.2426, 0.1
16,   64, 1662.8985,  879.8297, 0.1
16,   27,  978.1312,  884.1131, 0.1
16,   73, 1768.8848,  859.6924, 0.1
16,   37, 1163.2834,  857.8549, 0.1
16,   81, 1864.9910,  841.2799, 0.1
16,   49, 1326.7362,  834.6579, 0.1
16,   56, 1467.2872,  814.5712, 0.1
16,   65, 1593.8682,  796.4489, 0.1
16,   19,  639.8099,  797.0395, 0.1
16,   75, 1707.4817,  780.1159, 0.1
16,   28,  862.1035,  774.1175, 0.1
16, 1003, 1808.2480,  765.7086, 0.1
16,   90, 1899.3723,  752.5931, 0.1
16,   35, 1058.9770,  754.1072, 0.1
16,   47, 1233.7553,  736.3556, 0.1
16,   59, 1387.4510,  720.9848, 0.1
16,   67, 1520.9729,  708.1694, 0.1
16,   77, 1641.5174,  696.2003, 0.1
16,   83, 1748.4352,  685.9060, 0.1
16,   92, 1844.8638,  676.5253, 0.1
16,   29,  739.2431,  657.4329, 0.1
16,   38,  948.7430,  643.7528, 0.1
16,   44, 1135.0219,  632.2642, 0.1
16,   58, 1299.1280,  622.5090, 0.1
16,   69, 1444.2381,  614.3656, 0.1
16,   78, 1571.2209,  607.6716, 0.1
16,   84, 1684.9084,  601.9202, 0.1
16,   94, 1787.0748,  596.7090, 0.1
16,   39,  835.0311,  526.3935, 0.1
16,   46, 1031.6364,  521.7301, 0.1
16,   57, 1205.7255,  518.4279, 0.1
16,   68, 1360.0682,  516.2107, 0.1
16,   95, 1725.7335,  512.8471, 0.1
16,   85, 1617.7128,  513.4083, 0.1
16,   79, 1497.1596,  514.4679, 0.1
16,   97, 1661.3986,  424.6954, 0.1
16,   87, 1547.7510,  420.1786, 0.1
16,   76, 1417.6917,  416.4893, 0.1
16,   66, 1271.8974,  412.5434, 0.1
16,   53, 1107.7706,  408.6903, 0.1
16,   48,  923.0435,  405.3292, 0.1
16,   96, 1593.2178,  332.6160, 0.1
16,   86, 1471.9428,  323.0648, 0.1
16,   74, 1333.8943,  313.6694, 0.1
16,   63, 1178.8120,  303.8438, 0.1
16,   52, 1004.4606,  293.6899, 0.1
16,   93, 1521.2261,  236.2978, 0.1
16,   82, 1391.1466,  221.8110, 0.1
16,   72, 1245.9536,  206.0241, 0.1
16,   60, 1080.4727,  190.5099, 0.1
16,   91, 1444.9973,  135.8862, 0.1
16, 1004, 1307.8754,  115.3652, 0.1
16,   70, 1152.3962,   94.2639, 0.1
16,   89, 1364.7864,   31.4376, 0.1
17,    5,  985.4031, 1548.7505, 0.1
17,    3, 1156.5668, 1547.7647, 0.1
17,    7,  815.7510, 1547.7107, 0.1
17,    2, 1327.6634, 1545.1721, 0.1
17,    9,  647.9286, 1545.5334, 0.1
17,   10,  483.3066, 1542.2251, 0.1
17,    4, 1497.9574, 1541.6040, 0.1
17,   11,  320.7507, 1538.9722, 0.1
17,    6, 1666.4372, 1536.6266, 0.1
17,    8, 1832.6553, 1530.8425, 0.1
17,   15,  984.0096, 1378.1355, 0.1
17,   13, 1154.9046, 1377.0484, 0.1
17,   16,  814.7896, 1377.6286, 0.1
17,   18,  647.6158, 1376.0772, 0.1
17,   12, 1325.6623, 1374.7073, 0.1
17, 1002,  483.3810, 1373.7282, 0.1
17,   14, 1495.4770, 1371.2216, 0.1
17,   19,  323.2188, 1370.7467, 0.1
17, 1001, 1663.2392, 1366.7108, 0.1
17,   17, 1828.5611, 1361.4294, 0.1
17,   24,  982.8875, 1207.4855, 0.1
17,   26,  814.0534, 1207.6615, 0.1
17,   27,  648.1357, 1207.0639, 0.1
17,   22, 1153.1424, 1206.2824, 0.1
17,   28,  485.2649, 1205.7020, 0.1
17,   20, 1323.2827, 1204.0884, 0.1
17,   29,  326.2140, 1204.0167, 0.1
17,   21, 1492.4243, 1201.0204, 0.1
17,   23, 1659.4371, 1197.1685, 0.1
17,   25, 1823.3638, 1192.7104, 0.1
17,   35,  649.6583, 1038.9659, 0.1
17,   38,  488.1748, 1038.9697, 0.1
17,   39,  328.9417, 1038.4724, 0.1
17,   37,  814.4244, 1038.4387, 0.1
17,   36,  981.9783, 1037.4612, 0.1
17,   34, 1151.4217, 1036.2832, 0.1
17,   33, 1320.5939, 1034.2431, 0.1
17,   32, 1488.7160, 1031.6521, 0.1
17,   31, 1654.5961, 1028.6907, 0.1
17,   30, 1817.0348, 1025.4100, 0.1
17,   48,  334.5059,  875.2171, 0.1
17,   46,  491.6522,  874.1556, 0.1
17,   44,  652.2705,  872.9148, 0.1
17,   47,  815.6393,  871.1515, 0.1
17,   49,  981.6589,  869.2838, 0.1
17,   43, 1149.6573,  868.0276, 0.1
17,   41, 1317.5246,  866.2653, 0.1
17,   40, 1484.1546,  864.3125, 0.1
17,   45, 1649.1001,  861.8992, 0.1
17,   42, 1810.8749,  859.7504, 0.1
17,   52,  342.0020,  715.2618, 0.1
17,   53,  497.2575,  712.5979, 0.1
17,   57,  656.0534,  710.0504, 0.1
17,   58,  817.8163,  707.2963, 0.1
17,   59,  982.0341,  704.6339, 0.1
17,   56, 1148.0746,  703.3212, 0.1
17,   55, 1313.9835,  701.6122, 0.1
17,   51, 1641.4059,  699.1185, 0.1
17,   54, 1478.9147,  699.8648, 0.1
17,   50, 1801.0333,  698.3113, 0.1
17,   60,  350.6128,  559.4400, 0.1
17,   63,  503.9427,  555.2136, 0.1
17,   66,  660.8753,  551.4116, 0.1
17,   68,  820.8051,  547.9163, 0.1
17,   69,  982.7296,  544.4870, 0.1
17,   67, 1146.4560,  542.8606, 0.1
17,   65, 1310.1374,  541.3956, 0.1
17,   61, 1791.4376,  540.1704, 0.1
17,   62, 1633.4436,  540.0827, 0.1
17,   64, 1472.8129,  540.3750, 0.1
17,   70,  359.6030,  407.3203, 0.1
17,   72,  511.2631,  401.9074, 0.1
17,   74,  666.3630,  397.4139, 0.1
17,   76,  824.1328,  393.2659, 0.1
17,   79,  983.8732,  389.6690, 0.1
17,   78, 1144.8000,  387.4137, 0.1
17,   71, 1780.8260,  386.7923, 0.1
17,   73, 1624.8593,  385.8354, 0.1
17,   75, 1466.3736,  385.2567, 0.1
17,   77, 1306.0759,  385.8323, 0.1
17,   80,  369.7975,  260.3990, 0.1
17, 1004,  519.4615,  253.9365, 0.1
17,   82,  672.6566,  249.1578, 0.1
17,   86,  827.6792,  243.7886, 0.1
17,   87,  984.9196,  239.8465, 0.1
17,   81, 1770.1638,  237.6038, 0.1
17,   85, 1143.3149,  238.0914, 0.1
17, 1003, 1615.8923,  236.6600, 0.1
17,   84, 1301.9147,  236.6873, 0.1
17,   83, 1459.6294,  236.2023, 0.1
17,   88,  380.0742,  118.1983, 0.1
17,   89,  528.4033,  111.8943, 0.1
17,   91,  679.0041,  106.0877, 0.1
17,   93,  831.8730,  101.0418, 0.1
17,   96,  986.4721,   97.2379, 0.1
17,   90, 1758.8474,   94.4247, 0.1
17,   97, 1141.8573,   94.5574, 0.1
17,   92, 1606.6479,   92.9990, 0.1
17,   95, 1297.6472,   93.2471, 0.1
17,   94, 1452.7223,   92.6121, 0.1
18,   29, 1256.6704, 1639.9552, 0.1
18,   39, 1084.4449, 1640.3919, 0.1
18,   19, 1429.9867, 1639.3339, 0.1
18,   48,  914.8677, 1637.6589, 0.1
18,   11, 1603.9500, 1637.4128, 0.1
18,   52,  749.1060, 1632.9372, 0.1
18,   60,  587.6006, 1627.2665, 0.1
18,   70,  429.5169, 1621.7407, 0.1
18,   80,  275.9090, 1615.6324, 0.1
18,   88,  125.0250, 1610.4814, 0.1
18,   28, 1253.9732, 1473.4022, 0.1
18,   38, 1080.6680, 1473.2128, 0.1
18, 1002, 1428.8187, 1472.1725, 0.1
18,   46,  909.5213, 1472.2989, 0.1
18,   53,  742.4576, 1469.1719, 0.1
18,   10, 1603.7364, 1468.5498, 0.1
18,   63,  579.9744, 1465.0152, 0.1
18,   72,  421.4805, 1460.7587, 0.1
18, 1004,  267.7973, 1455.9775, 0.1
18,   89,  118.5871, 1451.1963, 0.1
18,   35, 1076.4072, 1303.8061, 0.1
18,   44,  904.3640, 1303.5898, 0.1
18,   27, 1251.1690, 1302.8068, 0.1
18,   57,  736.2961, 1302.2100, 0.1
18,   18, 1427.1889, 1300.5546, 0.1
18,   66,  573.0719, 1299.8940, 0.1
18,   74,  414.6134, 1297.1005, 0.1
18,    9, 1603.3144, 1297.0749, 0.1
18,   82,  261.5118, 1293.7917, 0.1
18,   91,  112.1558, 1291.0603, 0.1
18,   47,  899.0837, 1132.4509, 0.1
18,   58,  730.4134, 1132.6780, 0.1
18,   68,  566.9791, 1132.2034, 0.1
18,   76,  408.4064, 1131.4815, 0.1
18,   86,  254.5615, 1130.7600, 0.1
18,   37, 1072.1007, 1131.2725, 0.1
18,   93,  106.4778, 1129.6542, 0.1
18,   26, 1247.9706, 1129.1991, 0.1
18,   16, 1425.0043, 1125.9541, 0.1
18,    7, 1601.8955, 1122.1848, 0.1
18,   96,  101.9828,  967.4233, 0.1
18,   87,  249.4606,  966.1692, 0.1
18,   79,  403.2418,  964.5040, 0.1
18,   69,  561.4270,  963.0624, 0.1
18,   59,  725.2140,  961.2651, 0.1
18,   49,  894.3683,  959.0512, 0.1
18,   36, 1068.0638,  956.3331, 0.1
18,   24, 1244.5696,  953.0170, 0.1
18,   15, 1422.1182,  949.4380, 0.1
18,    5, 1599.5190,  945.5930, 0.1
18,   97,   98.8478,  804.9262, 0.1
18,   85,  247.1431,  801.0551, 0.1
18,   78,  400.0330,  797.0584, 0.1
18,   67,  558.7042,  792.8282, 0.1
18,   56,  722.5996,  788.6459, 0.1
18,   43,  891.3964,  784.4631, 0.1
18,   34, 1064.8977,  780.1850, 0.1
18,   22, 1240.9839,  775.9925, 0.1
18,   13, 1418.3445,  771.8758, 0.1
18,    3, 1595.5568,  768.0167, 0.1
18,   95,   97.1656,  642.5862, 0.1
18,   84,  245.3945,  636.2338, 0.1
18,   77,  397.9475,  629.7730, 0.1
18,   65,  556.6814,  623.2591, 0.1
18,   55,  720.1084,  616.8336, 0.1
18,   41,  888.6028,  610.5860, 0.1
18,   33, 1061.4256,  604.9577, 0.1
18,   20, 1236.9795,  599.7935, 0.1
18,   12, 1413.8119,  595.1820, 0.1
18,    2, 1590.3568,  591.2584, 0.1
18,   94,   96.1590,  481.1738, 0.1
18,   83,  244.8069,  472.7170, 0.1
18,   75,  397.4446,  463.9656, 0.1
18,   64,  555.6830,  455.2297, 0.1
18,   54,  718.1854,  446.6130, 0.1
18,   40,  886.3935,  438.7924, 0.1
18,   32, 1058.1733,  431.6553, 0.1
18,   21, 1232.8108,  425.5820, 0.1
18,   14, 1408.6430,  420.5313, 0.1
18,    4, 1584.4700,  416.3720, 0.1
18,   92,   95.9703,  320.9258, 0.1
18, 1003,  245.3182,  310.7855, 0.1
18,   73,  398.4902,  300.3431, 0.1
18,   62,  555.9733,  289.8337, 0.1
18,   51,  718.0886,  279.5862, 0.1
18,   45,  884.1663,  269.3465, 0.1
18,   31, 1055.2483,  261.5717, 0.1
18,   23, 1228.4395,  254.5728, 0.1
18, 1001, 1402.9517,  249.0380, 0.1
18,    6, 1577.6183,  244.5702, 0.1
18,   90,   96.5210,  162.0321, 0.1
18,   81,  246.1624,  150.7175, 0.1
18,   71,  400.0189,  139.3528, 0.1
18,   61,  556.9062,  127.3575, 0.1
18,   50,  718.2708,  115.9524, 0.1
18,   42,  882.8487,  103.8694, 0.1
18,   30, 1052.6097,   95.8631, 0.1
18,   25, 1223.9916,   87.6765, 0.1
18,   17, 1396.9902,   81.0527, 0.1
18,    8, 1570.2957,   76.3178, 0.1
19,   52, 1151.0043, 1621.5901, 0.1
19,   48, 1323.5654, 1620.8969, 0.1
19,   60,  980.7791, 1620.8259, 0.1
19,   70,  813.0539, 1619.2162, 0.1
19,   39, 1497.3542, 1617.9386, 0.1
19,   80,  649.4633, 1615.7189, 0.1
19,   88,  490.0093, 1611.6664, 0.1
19,   29, 1670.5722, 1612.1416, 0.1
19,   19, 1843.6525, 1606.8938, 0.1
19,   11, 2016.8689, 1601.6306, 0.1
19,   63,  973.7360, 1456.3436, 0.1
19,   53, 1145.7480, 1455.8087, 0.1
19,   72,  804.4939, 1455.9308, 0.1
19,   46, 1320.0685, 1453.7969, 0.1
19, 1004,  639.5746, 1453.9531, 0.1
19,   89,  479.8268, 1450.7517, 0.1
19,   38, 1495.0765, 1449.3936, 0.1
19,   28, 1669.9940, 1444.5064, 0.1
19, 1002, 1844.0716, 1438.7994, 0.1
19,   10, 2016.4384, 1431.7271, 0.1
19,   74,  796.7746, 1288.4919, 0.1
19,   82,  631.1279, 1287.9438, 0.1
19,   66,  967.0590, 1287.6766, 0.1
19,   91,  470.2768, 1287.0214, 0.1
19,   57, 1140.5157, 1285.9397, 0.1
19,   44, 1316.2809, 1282.8320, 0.1
19,   35, 1492.8040, 1278.4178, 0.1
19,   27, 1668.8540, 1272.9780, 0.1
19,   18, 1843.4541, 1266.8030, 0.1
19,    9, 2016.5703, 1260.1340, 0.1
19,   93,  461.6436, 1120.5200, 0.1
19,   86,  622.3936, 1119.6697, 0.1
19,   76,  789.3504, 1117.8578, 0.1
19,   68,  960.5545, 1115.5637, 0.1
19,   58, 1135.0044, 1112.7120, 0.1
19,   47, 1311.9989, 1108.9117, 0.1
19,   37, 1489.7740, 1104.0670, 0.1
19,   26, 1666.8289, 1098.4758, 0.1
19,   16, 1841.8434, 1092.1214, 0.1
19,    7, 2015.1922, 1085.7739, 0.1
19,   96,  454.3998,  951.9912, 0.1
19,   87,  615.2146,  948.8909, 0.1
19,   79,  782.5752,  945.0810, 0.1
19,   69,  954.1158,  941.2726, 0.1
19,   59, 1129.4089,  936.9437, 0.1
19,   49, 1307.2119,  932.2232, 0.1
19,   36, 1485.7841,  926.9736, 0.1
19,   24, 1663.3172,  921.2983, 0.1
19,   15, 1838.9939,  915.6364, 0.1
19,    5, 2012.7533,  909.9278, 0.1
19,   97,  448.5977,  782.6661, 0.1
19,   85,  610.1075,  776.9272, 0.1
19,   78,  777.0328,  771.1371, 0.1
19,   67,  948.9334,  765.2277, 0.1
19,   56, 1124.3306,  759.4965, 0.1
19,   43, 1302.0189,  753.8997, 0.1
19,   34, 1480.3991,  748.3526, 0.1
19,   22, 1658.0383,  743.0266, 0.1
19,   13, 1833.8660,  737.8864, 0.1
19,    3, 2007.6061,  732.9705, 0.1
19,   95,  444.2689,  613.1836, 0.1
19,   84,  605.5754,  605.0928, 0.1
19,   77,  772.1532,  597.2237, 0.1
19,   65,  943.9683,  589.7243, 0.1
19,   55, 1118.9297,  582.6231, 0.1
19,   41, 1296.2717,  576.1108, 0.1
19,   33, 1474.2952,  570.3894, 0.1
19,   20, 1651.6712,  565.2679, 0.1
19,   12, 1827.2870,  560.6416, 0.1
19,    2, 2000.8111,  556.3839, 0.1
19,   94,  440.9479,  444.9276, 0.1
19,   83,  602.1852,  434.7410, 0.1
19,   75,  768.3239,  424.9045, 0.1
19,   64,  939.4287,  415.7720, 0.1
19,   54, 1113.5082,  407.3012, 0.1
19,   40, 1290.1738,  400.2223, 0.1
19,   32, 1467.4735,  394.0611, 0.1
19,   21, 1644.2010,  389.0354, 0.1
19,   14, 1819.5043,  384.7539, 0.1
19,    4, 1993.3616,  380.8815, 0.1
19,   92,  438.7071,  278.4369, 0.1
19, 1003,  599.7651,  266.4821, 0.1
19,   73,  765.6026,  255.2421, 0.1
19,   62,  935.4741,  244.8088, 0.1
19,   51, 1108.5371,  235.3792, 0.1
19,   45, 1283.7470,  226.5146, 0.1
19,   31, 1459.9924,  220.5356, 0.1
19,   23, 1635.9489,  215.2772, 0.1
19, 1001, 1810.6897,  211.1043, 0.1
19,    6, 1984.5720,  207.1301, 0.1
19,   90,  437.4670,  114.2535, 0.1
19,   81,  597.8444,  100.9697, 0.1
19,   71,  763.2466,   88.7917, 0.1
19,   61,  931.8463,   77.1099, 0.1
19,   50, 1103.5568,   66.9531, 0.1
19,   42, 1277.2360,   56.6793, 0.1
19,   30, 1452.0477,   50.9500, 0.1
19,   25, 1627.0285,   44.8312, 0.1
19,   17, 1801.5318,   39.6917, 0.1
19,    8, 1975.4304,   35.2562, 0.1
20,    5, 1355.8611, 1568.3204, 0.1
20,    7, 1180.8474, 1568.0567, 0.1
20,    3, 1530.0151, 1566.4365, 0.1
20,    9, 1006.1253, 1566.3231, 0.1
20,    2, 1702.5118, 1563.3867, 0.1
20,   10,  833.2859, 1562.7604, 0.1
20,    4, 1873.5081, 1560.1146, 0.1
20,   11,  662.6857, 1558.3506, 0.1
20,    6, 2042.8850, 1556.6118, 0.1
20,    8, 2212.1892, 1554.0760, 0.1
20,   15, 1356.0444, 1394.0170, 0.1
20,   16, 1181.1218, 1394.0097, 0.1
20,   13, 1529.9279, 1392.3385, 0.1
20,   18, 1006.5290, 1392.7116, 0.1
20,   12, 1701.8579, 1389.6453, 0.1
20, 1002,  833.5082, 1390.0558, 0.1
20,   14, 1871.5864, 1386.3740, 0.1
20,   19,  663.8997, 1386.0132, 0.1
20, 1001, 2039.1282, 1382.8729, 0.1
20,   17, 2205.8615, 1379.8325, 0.1
20,   26, 1181.3202, 1219.4655, 0.1
20,   24, 1355.8904, 1219.2849, 0.1
20,   27, 1007.2814, 1218.5778, 0.1
20,   22, 1529.1379, 1217.9911, 0.1
20,   28,  834.9288, 1216.6223, 0.1
20,   20, 1700.3524, 1215.9128, 0.1
20,   21, 1869.0360, 1213.3269, 0.1
20,   29,  665.7659, 1213.8511, 0.1
20,   23, 2035.2415, 1210.4799, 0.1
20,   25, 2199.2541, 1207.7053, 0.1
20,   36, 1355.1931, 1044.7752, 0.1
20,   37, 1181.4816, 1045.0067, 0.1
20,   35, 1008.2926, 1044.7149, 0.1
20,   34, 1527.4417, 1044.1232, 0.1
20,   38,  836.9226, 1043.7510, 0.1
20,   33, 1697.7519, 1042.8517, 0.1
20,   39,  667.6620, 1042.1374, 0.1
20,   32, 1865.4023, 1041.1954, 0.1
20,   31, 2030.0921, 1039.4121, 0.1
20,   30, 2191.9431, 1037.6852, 0.1
20,   47, 1181.5613,  872.1570, 0.1
20,   44, 1009.6610,  872.5191, 0.1
20,   46,  839.2335,  872.2992, 0.1
20,   48,  671.6260,  871.9662, 0.1
20,   40, 1860.1640,  870.9737, 0.1
20,   41, 1693.9892,  871.4537, 0.1
20,   43, 1525.0160,  871.8000, 0.1
20,   49, 1353.9566,  871.7022, 0.1
20,   42, 2185.5911,  869.4712, 0.1
20,   45, 2024.3572,  870.0961, 0.1
20,   50, 2174.2418,  705.1705, 0.1
20,   51, 2015.0768,  704.4524, 0.1
20,   52,  677.1302,  704.9969, 0.1
20,   53,  842.8445,  703.9487, 0.1
20,   54, 1853.7638,  703.4116, 0.1
20,   55, 1688.7194,  703.1262, 0.1
20,   56, 1521.4002,  702.7614, 0.1
20,   57, 1011.3735,  703.2208, 0.1
20,   59, 1352.1303,  701.9234, 0.1
20,   58, 1181.5532,  702.4617, 0.1
20,   61, 2163.7498,  543.8165, 0.1
20,   62, 2005.5960,  542.1358, 0.1
20,   60,  683.4969,  542.2904, 0.1
20,   64, 1845.4576,  540.3732, 0.1
20,   63,  847.0524,  539.8531, 0.1
20,   65, 1682.4242,  538.9385, 0.1
20,   66, 1013.4880,  538.2929, 0.1
20,   67, 1517.0738,  537.7303, 0.1
20,   68, 1181.5174,  537.3292, 0.1
20,   69, 1349.7921,  536.6124, 0.1
20,   71, 2152.0874,  386.4170, 0.1
20,   73, 1995.2073,  384.0076, 0.1
20,   70,  690.2091,  383.8357, 0.1
20,   75, 1836.6014,  381.2024, 0.1
20,   72,  851.5946,  380.3144, 0.1
20,   77, 1675.4905,  379.0326, 0.1
20,   78, 1512.0148,  377.5843, 0.1
20,   74, 1015.7406,  378.2937, 0.1
20,   76, 1181.3308,  377.0045, 0.1
20,   79, 1347.1884,  376.6209, 0.1
20,   81, 2140.7273,  232.3138, 0.1
20,   80,  697.8265,  231.2265, 0.1
20, 1003, 1984.3382,  230.2113, 0.1
20,   83, 1826.8922,  227.5770, 0.1
20, 1004,  856.6880,  226.7214, 0.1
20,   84, 1667.6701,  225.2472, 0.1
20,   82, 1018.2856,  224.4794, 0.1
20,   85, 1506.4991,  223.3598, 0.1
20,   86, 1181.0107,  222.2015, 0.1
20,   87, 1344.1936,  221.6587, 0.1
20,   88,  705.5208,   84.0406, 0.1
20,   90, 2128.7269,   83.0316, 0.1
20,   92, 1973.1674,   81.0364, 0.1
20,   89,  862.1098,   79.5319, 0.1
20,   94, 1816.9756,   78.8212, 0.1
20,   95, 1659.5719,   76.7211, 0.1
20,   91, 1020.7711,   76.2882, 0.1
20,   97, 1500.8112,   74.7825, 0.1
20,   93, 1180.7821,   74.3541, 0.1
20,   96, 1341.1109,   73.9455, 0.1
21,   11,   65.3106, 1604.4648, 0.1
21,   10,  235.6834, 1599.0606, 0.1
21,    9,  405.3020, 1595.3794, 0.1
21,    7,  577.3602, 1591.4482, 0.1
21,    5,  751.1525, 1586.9461, 0.1
21,    3,  927.4225, 1580.6004, 0.1
21,    2, 1104.5254, 1572.6834, 0.1
21,    4, 1281.4510, 1563.5147, 0.1
21,    6, 1457.1982, 1552.5935, 0.1
21,    8, 1630.6392, 1540.3174, 0.1
21,   19,   66.1322, 1427.5546, 0.1
21, 1002,  231.9486, 1423.3511, 0.1
21,   18,  400.1959, 1419.4065, 0.1
21,   16,  570.7349, 1415.2176, 0.1
21,   15,  743.6489, 1410.3495, 0.1
21,   13,  919.3406, 1404.0103, 0.1
21,   12, 1096.0281, 1396.2509, 0.1
21,   14, 1272.6563, 1387.2230, 0.1
21, 1001, 1447.9676, 1376.8127, 0.1
21,   17, 1620.9206, 1365.3585, 0.1
21,   29,   66.4416, 1254.0177, 0.1
21,   28,  230.0356, 1249.2373, 0.1
21,   27,  395.9427, 1244.6961, 0.1
21,   26,  564.4647, 1239.7454, 0.1
21,   24,  736.6926, 1234.0749, 0.1
21,   22,  911.6501, 1227.3938, 0.1
21,   20, 1087.5871, 1219.6563, 0.1
21,   21, 1263.6156, 1210.9498, 0.1
21,   23, 1438.3296, 1201.2132, 0.1
21,   25, 1610.2267, 1190.6464, 0.1
21,   39,   65.6556, 1082.8031, 0.1
21,   38,  229.1096, 1077.2100, 0.1
21,   35,  392.9941, 1071.4249, 0.1
21,   37,  560.0430, 1065.1828, 0.1
21,   36,  730.5582, 1058.5477, 0.1
21,   34,  904.6521, 1051.6712, 0.1
21,   33, 1079.4583, 1043.8736, 0.1
21,   32, 1254.3925, 1035.3867, 0.1
21,   31, 1428.0833, 1026.4759, 0.1
21,   30, 1598.6107, 1017.1814, 0.1
21,   48,   68.0251,  914.2809, 0.1
21,   46,  228.6988,  907.5273, 0.1
21,   44,  391.6188,  900.5187, 0.1
21,   47,  557.0892,  892.9291, 0.1
21,   49,  725.8482,  885.1404, 0.1
21,   43,  898.2406,  877.8615, 0.1
21,   41, 1071.6535,  870.0700, 0.1
21,   40, 1245.0278,  862.0433, 0.1
21,   45, 1417.4520,  853.4961, 0.1
21,   42, 1587.2036,  845.3535, 0.1
21,   52,   72.4999,  749.5041, 0.1
21,   53,  231.0302,  741.3105, 0.1
21,   57,  392.0812,  733.0195, 0.1
21,   58,  555.8695,  724.2928, 0.1
21,   59,  722.7105,  715.4600, 0.1
21,   56,  893.0276,  707.9491, 0.1
21,   55, 1064.1989,  699.9207, 0.1
21,   54, 1235.5420,  691.8582, 0.1
21,   51, 1405.5710,  685.0024, 0.1
21,   50, 1573.0204,  678.1859, 0.1
21,   60,   78.1299,  588.8347, 0.1
21,   63,  234.7909,  579.3803, 0.1
21,   66,  393.9777,  569.9019, 0.1
21,   68,  556.0881,  560.4242, 0.1
21,   69,  720.6251,  550.6619, 0.1
21,   67,  888.4243,  542.5904, 0.1
21,   65, 1057.1970,  534.6318, 0.1
21,   64, 1226.0749,  527.1869, 0.1
21,   62, 1393.7859,  520.6839, 0.1
21,   61, 1559.2222,  514.8998, 0.1
21,   70,   84.0213,  431.8750, 0.1
21,   72,  239.2105,  421.5272, 0.1
21,   74,  396.9423,  411.5370, 0.1
21,   76,  557.0948,  401.3892, 0.1
21,   79,  719.6310,  391.4458, 0.1
21,   78,  884.4251,  382.6830, 0.1
21,   77, 1050.5034,  374.4368, 0.1
21,   75, 1216.6874,  367.4142, 0.1
21,   73, 1381.8756,  361.8692, 0.1
21,   71, 1544.8076,  357.0426, 0.1
21,   80,   91.1619,  279.8828, 0.1
21, 1004,  244.9042,  268.9146, 0.1
21,   82,  401.1512,  258.8363, 0.1
21,   86,  558.6769,  247.6064, 0.1
21,   87,  718.8228,  237.4381, 0.1
21,   85,  881.1630,  229.2271, 0.1
21,   84, 1044.3838,  221.2944, 0.1
21,   83, 1207.5884,  214.4032, 0.1
21, 1003, 1370.0125,  208.7780, 0.1
21,   81, 1530.5749,  204.0561, 0.1
21,   88,   98.1883,  132.1295, 0.1
21,   89,  251.4094,  121.9013, 0.1
21,   91,  405.5057,  111.3031, 0.1
21,   93,  561.3876,  100.7070, 0.1
21,   96,  719.1485,   90.8895, 0.1
21,   97,  878.2867,   81.9287, 0.1
21,   95, 1038.5152,   74.2885, 0.1
21,   94, 1198.6727,   67.4347, 0.1
21,   92, 1358.1962,   61.8925, 0.1
21,   90, 1516.1312,   57.9018, 0.1
