Bundle Soln 
 0.000500 20
 1.00000  0.10000 10.00000 100.00000 100.00000 100.00000 20.00000 20.00000 20.00000
20.6629 11.1385  7.4408 22.30000 14.86667 -0.00025 0.00000 0.00000 -0.00001 0.00000
 0.00000  0.02230  0.01487 0.500000 0.500000 0.001000 0.000100 0.000100 0.001000 0.001000
   0 e:\pm\camcal\abisko\2014-08-04-beg\7503\img_2034.jpg
   0    0.518   -0.477    1.375   -0.701    0.255   31.661
   0   0.0289   0.0277   0.0252   0.7632   0.9422   0.9943

   0  20.663  11.139   7.441 22.30000 14.86667 -0.00025 0.00000 0.00000 -0.00001 0.00000
   0  0.00000  0.02230  0.01487 0.500000 0.500000 0.001000 0.000100 0.000100 0.001000 0.001000
   1 e:\pm\camcal\abisko\2014-08-04-beg\7503\img_2036.jpg
   1   -0.414   -0.331    1.294  -41.897  -28.141   27.946
   1   0.0277   0.0279   0.0281   0.8480   0.9242   1.0669

   1  20.663  11.139   7.441 22.30000 14.86667 -0.00025 0.00000 0.00000 -0.00001 0.00000
   1  0.00000  0.02230  0.01487 0.500000 0.500000 0.001000 0.000100 0.000100 0.001000 0.001000

       9   -0.01295    0.00604    0.00129   0.011944   0.011870   0.014554
      11    1.01097    0.00760   -0.00129   0.011915   0.011857   0.014558
      12    1.00218    0.99438    0.00129   0.011812   0.011852   0.014458
      17   -0.00020    0.99198   -0.00129   0.011774   0.011841   0.014454

       5    0.27618    0.43177    0.00526   0.008870   0.008911   0.009320
       6    0.72042    0.43322    0.00300   0.008880   0.008867   0.009323
       7    0.42527    0.71991    0.00254   0.008825   0.008936   0.009373
       8    0.42282    0.28645    0.00637   0.008913   0.008857   0.009319
       9   -0.01295    0.00604    0.00129   0.011944   0.011870   0.014554
      11    1.01097    0.00760   -0.00129   0.011915   0.011857   0.014558
      12    1.00218    0.99438    0.00129   0.011812   0.011852   0.014458
      17   -0.00020    0.99198   -0.00129   0.011774   0.011841   0.014454

   0        9  806.5166 2812.6292  0.00000  0.00000
   0       11 4315.9732 2771.1632  0.00000  0.00000
   0       12 3811.2946  381.2213  0.00000  0.00000
   0        5 1902.0815 1579.4186  0.00000  0.00000
   0        6 3202.4075 1560.4049  0.00000  0.00000
   0        7 2353.6284  931.4353  0.00000  0.00000
   0        8 2322.5152 1944.3210  0.00000  0.00000
   0       17 1299.0088  423.4575  1.00000  1.00000
   1        9 2635.4368 3189.6110  0.00000  0.00000
   1       17  574.1460 1432.5080  0.00000  0.00000
   1       11 4419.1924 1193.8794  0.00000  0.00000
   1       12 2443.3269  201.6707  0.00000  0.00000
   1        5 2241.2042 1764.2266  0.00000  0.00000
   1        8 2841.5116 1726.4269  0.00000  0.00000
   1        7 1964.1687 1150.8364  0.00000  0.00000
   1        6 3035.8751 1085.9596  0.00000  0.00000

   1    1        5 
   2    1        6 
   3    1        7 
   4    1        8 
   5    1        9 
   6    1       11 
   7    1       12 
   8    1       17 

   0    1
   0    2
   0    3
   0    4
   0    5
   0    6
   0    7
   0    8
   1    1
   1    2
   1    3
   1    4
   1    5
   1    6
   1    7
   1    8

