-39.437121 
-1.170856 
-179.836961 
-0.044862 
1.294258 
1.469618 
-39.772883 
-1.847266 
-90.119579 
-0.029357 
1.527879 
1.639063 
-27.244305 
-28.560225 
-141.847142 
-1.144613 
0.966714 
1.582297 
-28.558280 
-30.333983 
-49.782223 
-1.143880 
0.991455 
1.637738 
4.386551 
-34.669629 
-87.135046 
-1.170949 
-0.082912 
1.411027 
2.111040 
-34.015988 
1.517305 
-1.213801 
-0.023829 
1.465450 
27.357683 
-28.305930 
-44.204492 
-1.034846 
-0.849963 
1.404085 
26.942100 
-28.124452 
44.874116 
-1.219169 
-0.967111 
1.715442 
30.400324 
0.182759 
0.085875 
0.024760 
-1.043692 
1.534601 
31.020077 
1.728269 
89.541790 
0.053874 
-1.093807 
1.617382 
27.640095 
30.748972 
42.334082 
1.270398 
-0.925486 
1.553305 
24.645644 
30.239566 
133.208518 
1.365155 
-0.981283 
1.614925 
0.519466 
33.151837 
88.707967 
1.130870 
-0.002122 
1.472199 
-1.753748 
33.636863 
-179.789627 
1.297146 
0.025579 
1.598905 
-30.775714 
28.179141 
138.434871 
1.171916 
1.054994 
1.501688 
-29.900656 
26.972897 
-134.625198 
1.194313 
1.119905 
1.590376 
-8.528682 
-0.505805 
179.397670 
-0.075203 
0.323045 
1.972828 
-4.788645 
0.685114 
88.786892 
-0.017564 
0.427210 
1.885885 
-4.406388 
-0.405821 
88.245530 
-0.038114 
0.078771 
1.876019 
-7.624502 
-1.547921 
179.950963 
0.201953 
0.282885 
1.926665 
-8.709641 
1.065948 
177.387181 
-0.230802 
0.321514 
1.906333 
