0.922 
0.824 
0.773 
0.029 
0.029 
0.0279 
0.922 
0.823 
0.775 
0.0326 
0.0326 
0.0319 
1 
0.873 
0.817 
0.0317 
0.0317 
0.0312 
1.01 
0.868 
0.838 
0.0325 
0.0325 
0.0317 
1.03 
0.921 
0.795 
0.0276 
0.0275 
0.0261 
1.02 
0.922 
0.787 
0.0285 
0.0285 
0.0269 
1 
0.872 
0.815 
0.0284 
0.0284 
0.028 
0.998 
0.874 
0.812 
0.0338 
0.0338 
0.0328 
0.922 
0.861 
0.731 
0.0286 
0.0286 
0.0255 
0.922 
0.859 
0.734 
0.03 
0.03 
0.0267 
1.02 
0.872 
0.837 
0.0318 
0.0318 
0.0319 
1.01 
0.882 
0.818 
0.0333 
0.0333 
0.0337 
1.02 
0.923 
0.779 
0.0281 
0.0281 
0.026 
1.02 
0.922 
0.784 
0.0308 
0.0307 
0.0289 
1 
0.86 
0.831 
0.0312 
0.0312 
0.0316 
0.994 
0.863 
0.818 
0.0327 
0.0327 
0.033 
0.922 
0.918 
0.659 
0.033 
0.033 
0.0244 
0.922 
0.921 
0.654 
0.0318 
0.0318 
0.0239 
0.922 
0.921 
0.654 
0.0313 
0.0313 
0.0229 
0.922 
0.919 
0.658 
0.0323 
0.0323 
0.024 
0.922 
0.917 
0.66 
0.0321 
0.032 
0.024 
