-39.437283 
-1.171064 
-179.836957 
-0.044864 
1.294262 
1.469626 
-39.772666 
-1.847446 
-90.119560 
-0.029359 
1.527885 
1.639069 
-27.244319 
-28.560515 
-141.847137 
-1.144618 
0.966717 
1.582304 
-28.557912 
-30.333973 
-49.782032 
-1.143886 
0.991458 
1.637745 
4.386773 
-34.669834 
-87.134897 
-1.170956 
-0.082911 
1.411034 
2.111223 
-34.015827 
1.517429 
-1.213809 
-0.023828 
1.465455 
27.357966 
-28.305938 
-44.204336 
-1.034853 
-0.849965 
1.404092 
26.942038 
-28.124184 
44.874104 
-1.219177 
-0.967112 
1.715449 
30.400501 
0.182962 
0.085880 
0.024757 
-1.043695 
1.534609 
31.019869 
1.728447 
89.541804 
0.053871 
-1.093812 
1.617389 
27.640072 
30.749294 
42.334089 
1.270399 
-0.925488 
1.553311 
24.645317 
30.239614 
133.208690 
1.365158 
-0.981286 
1.614931 
0.519232 
33.152064 
88.708104 
1.130872 
-0.002123 
1.472205 
-1.753948 
33.636721 
-179.789500 
1.297150 
0.025578 
1.598910 
-30.776008 
28.179153 
138.435038 
1.171918 
1.054996 
1.501695 
-29.900618 
26.972644 
-134.625191 
1.194316 
1.119907 
1.590383 
-8.528779 
-0.505999 
179.397671 
-0.075205 
0.323042 
1.972837 
-4.789069 
0.685159 
88.786883 
-0.017572 
0.427217 
1.885893 
-4.406332 
-0.405763 
88.245525 
-0.038122 
0.078762 
1.876029 
-7.624534 
-1.547633 
179.950996 
0.201968 
0.282880 
1.926675 
-8.709696 
1.065472 
177.387163 
-0.230813 
0.321509 
1.906342 
