0.0923 
0.0825 
0.0773 
0.00291 
0.0029 
0.00279 
0.0924 
0.0824 
0.0775 
0.00327 
0.00326 
0.00319 
0.1 
0.0874 
0.0817 
0.00317 
0.00317 
0.00312 
0.102 
0.087 
0.0838 
0.00326 
0.00325 
0.00318 
0.103 
0.0922 
0.0796 
0.00276 
0.00276 
0.00261 
0.102 
0.0924 
0.0788 
0.00285 
0.00285 
0.0027 
0.1 
0.0874 
0.0816 
0.00285 
0.00284 
0.00281 
0.1 
0.0875 
0.0813 
0.00338 
0.00338 
0.00328 
0.0923 
0.0863 
0.0731 
0.00286 
0.00286 
0.00256 
0.0924 
0.0861 
0.0735 
0.003 
0.003 
0.00268 
0.102 
0.0873 
0.0837 
0.00318 
0.00318 
0.00319 
0.101 
0.0883 
0.0819 
0.00333 
0.00333 
0.00337 
0.102 
0.0924 
0.0779 
0.00282 
0.00282 
0.0026 
0.102 
0.0924 
0.0784 
0.00308 
0.00308 
0.00289 
0.1 
0.0861 
0.0832 
0.00312 
0.00312 
0.00317 
0.0995 
0.0865 
0.0818 
0.00327 
0.00327 
0.0033 
0.0925 
0.0921 
0.066 
0.00331 
0.00331 
0.00245 
0.0924 
0.0924 
0.0655 
0.00319 
0.00319 
0.0024 
0.0925 
0.0924 
0.0654 
0.00314 
0.00314 
0.00229 
0.0925 
0.0921 
0.0658 
0.00324 
0.00324 
0.0024 
0.0925 
0.092 
0.066 
0.00321 
0.00321 
0.0024 
