-39.437121 
-1.170854 
-179.836957 
-0.044862 
1.294258 
1.469618 
-39.772882 
-1.847264 
-90.119574 
-0.029357 
1.527879 
1.639062 
-27.244307 
-28.560220 
-141.847139 
-1.144612 
0.966714 
1.582296 
-28.558282 
-30.333979 
-49.782220 
-1.143880 
0.991455 
1.637737 
4.386542 
-34.669622 
-87.135051 
-1.170948 
-0.082911 
1.411027 
2.111031 
-34.015981 
1.517301 
-1.213800 
-0.023829 
1.465449 
27.357674 
-28.305922 
-44.204499 
-1.034846 
-0.849963 
1.404085 
26.942090 
-28.124444 
44.874110 
-1.219169 
-0.967110 
1.715442 
30.400320 
0.182773 
0.085869 
0.024760 
-1.043692 
1.534601 
31.020073 
1.728283 
89.541784 
0.053874 
-1.093807 
1.617381 
27.640099 
30.748983 
42.334075 
1.270397 
-0.925486 
1.553304 
24.645647 
30.239577 
133.208512 
1.365154 
-0.981283 
1.614924 
0.519472 
33.151848 
88.707963 
1.130870 
-0.002122 
1.472198 
-1.753743 
33.636874 
-179.789630 
1.297146 
0.025579 
1.598905 
-30.775714 
28.179148 
138.434874 
1.171916 
1.054994 
1.501688 
-29.900655 
26.972905 
-134.625195 
1.194313 
1.119904 
1.590376 
-8.528683 
-0.505803 
179.397670 
-0.075203 
0.323045 
1.972827 
-4.788645 
0.685114 
88.786893 
-0.017564 
0.427209 
1.885885 
-4.406390 
-0.405814 
88.245530 
-0.038114 
0.078771 
1.876018 
-7.624498 
-1.547916 
179.950963 
0.201953 
0.282885 
1.926664 
-8.709646 
1.065950 
177.387181 
-0.230801 
0.321514 
1.906333 
