Bundle Soln 
 0.000500 20
 1.00000  0.10000 10.00000 100.00000 100.00000 100.00000 20.00000 20.00000 20.00000
123.9392 26.5770 38.8110 53.14800 77.97600 0.00000 0.00000 0.00000 0.00000 0.00000
 0.00000  0.05315  0.07798 0.500000 0.500000 0.001000 0.000100 0.000100 0.001000 0.001000
   0 e:\pm\weighted\sxb\images\8811.jpg
   0 -118.515  109.062 1776.736  -89.916   -0.415    0.793
   0   0.7592   1.0911   0.1395   0.0039   0.0238   0.0348

   0 123.939  26.577  38.811 53.14800 77.97600 0.00000 0.00000 0.00000 0.00000 0.00000
   0  0.00000  0.05315  0.07798 0.500000 0.500000 0.001000 0.000100 0.000100 0.001000 0.001000
   1 e:\pm\weighted\sxb\images\8936.jpg
   1  281.716  364.703 1776.547   92.625   -0.022   -0.119
   1   0.6345   1.2059   0.1687   0.0037   0.0196   0.0386

   1 123.939  26.577  38.811 53.14800 77.97600 0.00000 0.00000 0.00000 0.00000 0.00000
   1  0.00000  0.05315  0.07798 0.500000 0.500000 0.001000 0.000100 0.000100 0.001000 0.001000
   2 e:\pm\weighted\sxb\images\8937.jpg
   2  296.665  157.181 1770.592   94.402   -0.031   -0.169
   2   0.5914   0.9425   0.0890   0.0029   0.0184   0.0301

   2 123.939  26.577  38.811 53.14800 77.97600 0.00000 0.00000 0.00000 0.00000 0.00000
   2  0.00000  0.05315  0.07798 0.500000 0.500000 0.001000 0.000100 0.000100 0.001000 0.001000
   3 e:\pm\weighted\sxb\images\8938.jpg
   3  314.215  -59.867 1767.129   96.145    0.123   -0.134
   3   0.7299   2.6467   0.1939   0.0035   0.0228   0.0853

   3 123.939  26.577  38.811 53.14800 77.97600 0.00000 0.00000 0.00000 0.00000 0.00000
   3  0.00000  0.05315  0.07798 0.500000 0.500000 0.001000 0.000100 0.000100 0.001000 0.001000
   4 e:\pm\weighted\sxb\images\9111.jpg
   4  704.185  110.699 1797.124  -92.544   -0.186    0.501
   4   1.5153   1.0303   0.3366   0.0044   0.0480   0.0322

   4 123.939  26.577  38.811 53.14800 77.97600 0.00000 0.00000 0.00000 0.00000 0.00000
   4  0.00000  0.05315  0.07798 0.500000 0.500000 0.001000 0.000100 0.000100 0.001000 0.001000

     317 -174.91594   83.81707   -0.39456   0.014962   0.014859   0.031361
     333  354.96776  330.60382   -1.82543   0.015218   0.014982   0.031708
     347  680.82286  505.23485   -0.37709   0.015424   0.015358   0.031579
     351  771.80227   14.70034    0.03966   0.015043   0.014945   0.031488
     375 -160.44633  110.25260   -0.87479   0.015104   0.015031   0.031488
     403 -608.83506  431.95585   -0.18991   0.015853   0.015802   0.031798
     410  194.94497  216.24008   -0.13641   0.015116   0.014990   0.031525
     422  347.25642  -81.49107   -1.28309   0.014838   0.014696   0.031479
     428  192.44825 -216.01903   -0.30376   0.015215   0.015160   0.031510
     492 -172.61964   81.77101   -0.69195   0.015199   0.015123   0.031362
     552  795.54898   -2.40812   -0.19966   0.015220   0.015161   0.031535
     563  387.28356  413.67935   -1.07101   0.015108   0.014972   0.031622
     590  201.46360 -209.51522   -0.42306   0.015386   0.015331   0.031585
     607  722.97943  365.30508   -0.18165   0.015056   0.015108   0.031471
     634  662.39929  416.48011   -0.08100   0.015301   0.015248   0.031544
     651  579.94556  169.16028   -0.67096   0.014749   0.014684   0.031532

     317 -174.91594   83.81707   -0.39456   0.014962   0.014859   0.031361
     333  354.96776  330.60382   -1.82543   0.015218   0.014982   0.031708
     347  680.82286  505.23485   -0.37709   0.015424   0.015358   0.031579
     351  771.80227   14.70034    0.03966   0.015043   0.014945   0.031488
     375 -160.44633  110.25260   -0.87479   0.015104   0.015031   0.031488
     403 -608.83506  431.95585   -0.18991   0.015853   0.015802   0.031798
     410  194.94497  216.24008   -0.13641   0.015116   0.014990   0.031525
     422  347.25642  -81.49107   -1.28309   0.014838   0.014696   0.031479
     428  192.44825 -216.01903   -0.30376   0.015215   0.015160   0.031510
     492 -172.61964   81.77101   -0.69195   0.015199   0.015123   0.031362
     552  795.54898   -2.40812   -0.19966   0.015220   0.015161   0.031535
     563  387.28356  413.67935   -1.07101   0.015108   0.014972   0.031622
     590  201.46360 -209.51522   -0.42306   0.015386   0.015331   0.031585
     607  722.97943  365.30508   -0.18165   0.015056   0.015108   0.031471
     634  662.39929  416.48011   -0.08100   0.015301   0.015248   0.031544
     651  579.94556  169.16028   -0.67096   0.014749   0.014684   0.031532
     745  227.85312  384.04077   20.33591   0.042757   0.046755   0.245656

   0      333 2158.2500 1135.5000  1.00000  1.00000
   0      410 3478.1358 2979.2802  1.00000  1.00000
   0      422 6936.8000 1211.3865  1.00000  1.00000
   0      428 8503.6000 3004.5772  1.00000  1.00000
   0      375 4700.3506 7105.9468  1.00000  1.00000
   0      317 5007.6667 7275.6667  1.00000  1.00000
   0      403  955.1383 12311.1660  1.00000  1.00000
   0      745 1498.0000 2554.5993  1.00000  1.00000
   1      492 1431.0000 1037.0000  1.00000  1.00000
   1      317 1453.6667 1012.3333  1.00000  1.00000
   1      333 4039.0000 7293.3333  1.00000  1.00000
   1      563 4984.0000 7714.3333  1.00000  1.00000
   1      651 2043.7778 9819.7069  1.00000  1.00000
   1      351  148.6667 11965.6667  1.00000  1.00000
   1      607 4245.3951 11587.6550  1.00000  1.00000
   1      634 4870.8049 10911.3411  1.00000  1.00000
   1      347 5892.0519 11172.1777  1.00000  1.00000
   1      745 4729.3989 5840.1319  1.00000  1.00000
   2      317 4060.0000  912.3333  1.00000  1.00000
   2      492 4034.3333  937.3333  1.00000  1.00000
   2      375 4354.7975 1106.0428  1.00000  1.00000
   2      422 1672.0000 6836.0000  1.00000  1.00000
   2      333 6455.6593 7294.8080  1.00000  1.00000
   2      563 7392.6000 7745.8755  1.00000  1.00000
   2      651 4377.0395 9766.5071  1.00000  1.00000
   2      351 2409.1556 11859.1323  1.00000  1.00000
   2      552 2189.3802 12119.3787  1.00000  1.00000
   2      607 6530.8988 11607.8742  1.00000  1.00000
   2      634 7180.1704 10949.7925  1.00000  1.00000
   2      347 8197.3333 11243.6667  1.00000  1.00000
   2      745 7224.4840 5858.2750  1.00000  1.00000
   3      317 6751.9119 1015.9611  1.00000  1.00000
   3      492 6726.4347 1040.1297  1.00000  1.00000
   3      375 7042.5000 1218.8872  1.00000  1.00000
   3      428 2811.5000 4908.7134  1.00000  1.00000
   3      590 2876.5000 5020.1089  1.00000  1.00000
   3      410 7829.6064 5477.0000  1.00000  1.00000
   3      422 4180.5122 6874.6667  1.00000  1.00000
   3      651 6803.0851 9893.6667  1.00000  1.00000
   3      351 4767.0000 11933.7743  1.00000  1.00000
   3      552 4537.7295 12186.4202  1.00000  1.00000
   4      607 1684.0000 6440.8132  1.00000  1.00000
   4      563 1300.7447 10316.1064  1.00000  1.00000
   4      410 3661.4468 12430.6667  1.00000  1.00000
   4      651 4005.5167 7983.6667  1.00000  1.00000
   4      422 7002.7356 10531.3333  1.00000  1.00000
   4      428 8635.4377 12250.7393  1.00000  1.00000
   4      590 8556.0000 12150.2853  1.00000  1.00000
   4      351 5681.0000 5699.7756  1.00000  1.00000
   4      552 5865.9301 5420.7601  1.00000  1.00000
   4      745 1686.2747 12198.8175  1.00000  1.00000

   1    1      317 
   2    1      333 
   3    1      347 
   4    1      351 
   5    1      375 
   6    1      403 
   7    1      410 
   8    1      422 
   9    1      428 
  10    1      492 
  11    1      552 
  12    1      563 
  13    1      590 
  14    1      607 
  15    1      634 
  16    1      651 
  17    1      745 

   0    1
   0    2
   0    5
   0    6
   0    7
   0    8
   0    9
   0   17
   1    1
   1    2
   1    3
   1    4
   1   10
   1   12
   1   14
   1   15
   1   16
   1   17
   2    1
   2    2
   2    3
   2    4
   2    5
   2    8
   2   10
   2   11
   2   12
   2   14
   2   15
   2   16
   2   17
   3    1
   3    4
   3    5
   3    7
   3    8
   3    9
   3   10
   3   11
   3   13
   3   16
   4    4
   4    7
   4    8
   4    9
   4   11
   4   12
   4   13
   4   14
   4   16
   4   17

