Bundle Soln 
 0.000500 20 5184 3456
 1.00000  0.10000 10.00000 100.00000 100.00000 100.00000 20.00000 20.00000 20.00000
20.6629 11.1385  7.4408 22.30000 14.86667 -2.495e-4 5.032e-7 0 -1.298e-5 5.745e-7
 0.00000  0.02230  0.01487 0.500000 0.500000 0.001000 0.000100 0.000100 0.001000 0.001000
   0 e:\pm\camcal\abisko\2014-08-04-beg\7503\img_2034.jpg
   0    0.516   -0.476    1.376   -0.694    0.220   31.617
   0   2.3554   2.4025   2.1679  66.8178  77.2983  85.3550

   0  20.663  11.139   7.441 22.30000 14.86667 -0.00025 0.00000 0.00000 -0.00001 0.00000
   0  0.00000  0.02230  0.01487 0.500000 0.500000 0.001000 0.000100 0.000100 0.001000 0.001000
   1 e:\pm\camcal\abisko\2014-08-04-beg\7503\img_2036.jpg
   1   -0.415   -0.331    1.293  -41.890  -28.183   27.946
   1   2.3873   2.4283   2.3709  74.2160  78.4868  92.1913

   1  20.663  11.139   7.441 22.30000 14.86667 -0.00025 0.00000 0.00000 -0.00001 0.00000
   1  0.00000  0.02230  0.01487 0.500000 0.500000 0.001000 0.000100 0.000100 0.001000 0.001000

       9   -0.01326    0.00615    0.00146   1.042580   1.042578   1.276584
      11    1.01121    0.00778   -0.00146   1.040669   1.040656   1.276953
      12    1.00220    0.99427    0.00146   1.036973   1.036964   1.267705
      17   -0.00015    0.99180   -0.00146   1.034630   1.034627   1.267330

       5    0.27602    0.43184    0.00525   0.773744   0.773743   0.809278
       6    0.72038    0.43335    0.00301   0.772460   0.772455   0.807230
       7    0.42520    0.71993    0.00250   0.773119   0.773117   0.811697
       8    0.42264    0.28657    0.00637   0.771475   0.771473   0.808012
       9   -0.01326    0.00615    0.00146   1.042580   1.042578   1.276584
      11    1.01121    0.00778   -0.00146   1.040669   1.040656   1.276953
      12    1.00220    0.99427    0.00146   1.036973   1.036964   1.267705
      17   -0.00015    0.99180   -0.00146   1.034630   1.034627   1.267330

   0        9  806.5166 2812.6292  0.00000  0.00000
   0       11 4315.9732 2771.1632  0.00000  0.00000
   0       12 3811.2946  381.2213  0.00000  0.00000
   0        5 1902.0815 1579.4186  0.00000  0.00000
   0        6 3202.4075 1560.4049  0.00000  0.00000
   0        7 2353.6284  931.4353  0.00000  0.00000
   0        8 2322.5152 1944.3210  0.00000  0.00000
   0       17 1299.0088  423.4575  1.00000  1.00000
   1        9 2635.4368 3189.6110  0.00000  0.00000
   1       17  574.1460 1432.5080  0.00000  0.00000
   1       11 4419.1924 1193.8794  0.00000  0.00000
   1       12 2443.3269  201.6707  0.00000  0.00000
   1        5 2241.2042 1764.2266  0.00000  0.00000
   1        8 2841.5116 1726.4269  0.00000  0.00000
   1        7 1964.1687 1150.8364  0.00000  0.00000
   1        6 3035.8751 1085.9596  0.00000  0.00000

   1    1        5 
   2    1        6 
   3    1        7 
   4    1        8 
   5    1        9 
   6    1       11 
   7    1       12 
   8    1       17 

   0    1
   0    2
   0    3
   0    4
   0    5
   0    6
   0    7
   0    8
   1    1
   1    2
   1    3
   1    4
   1    5
   1    6
   1    7
   1    8

