Bundle Soln 
 0.000500 1000 7152 5368
 1.00000  0.10000 10.00000 100.00000 100.00000 100.00000 20.00000 20.00000 20.00000
 7.9699  5.0519  3.7872 10.01390 7.51520 -0.00361 0.00015 -0.00000 -0.00003 -0.00004
 0.00000  0.01001  0.00752 0.500000 0.500000 0.001000 0.000100 0.000100 0.001000 0.001000
   0 g:\archives\2016\pfe_murtiyoso\calibration\exom\jpeg denoisées\ex-01-13510_0038_0000.jpg
   0   -0.017    3.035   -1.341 -178.441    1.277  -97.815
   0   0.3620   0.3227   0.4648   5.6364   5.5034   6.9905

   0   7.970   5.052   3.787 10.01390 7.51520 -0.00361 0.00015 -0.00000 -0.00003 -0.00004
   0  0.00000  0.01001  0.00752 0.500000 0.500000 0.001000 0.000100 0.000100 0.001000 0.001000
   1 g:\archives\2016\pfe_murtiyoso\calibration\exom\jpeg denoisées\ex-01-13510_0038_0003.jpg
   1    1.047    2.780    0.409 -179.685    3.432  -75.272
   1   0.2626   0.2240   0.2907   3.9694   3.9976   4.9952

   1   7.970   5.052   3.787 10.01390 7.51520 -0.00361 0.00015 -0.00000 -0.00003 -0.00004
   1  0.00000  0.01001  0.00752 0.500000 0.500000 0.001000 0.000100 0.000100 0.001000 0.001000
   2 g:\archives\2016\pfe_murtiyoso\calibration\exom\jpeg denoisées\ex-01-13510_0038_0004.jpg
   2    1.016    2.817    0.337  179.390    2.602  -56.805
   2   0.2627   0.2231   0.2933   3.8951   4.0656   5.0185

   2   7.970   5.052   3.787 10.01390 7.51520 -0.00361 0.00015 -0.00000 -0.00003 -0.00004
   2  0.00000  0.01001  0.00752 0.500000 0.500000 0.001000 0.000100 0.000100 0.001000 0.001000
   3 g:\archives\2016\pfe_murtiyoso\calibration\exom\jpeg denoisées\ex-01-13510_0038_0005.jpg
   3    0.038    2.704    0.316 -175.181  -22.268  -79.690
   3   0.3309   0.3109   0.4266   6.1695   5.4206   8.1127

   3   7.970   5.052   3.787 10.01390 7.51520 -0.00361 0.00015 -0.00000 -0.00003 -0.00004
   3  0.00000  0.01001  0.00752 0.500000 0.500000 0.001000 0.000100 0.000100 0.001000 0.001000
   4 g:\archives\2016\pfe_murtiyoso\calibration\exom\jpeg denoisées\ex-01-13510_0038_0006.jpg
   4    0.053    2.756    0.319 -168.203  -18.711  -60.563
   4   0.0156   0.0161   0.0222   0.2741   0.2697   0.3965

   4   7.970   5.052   3.787 10.01390 7.51520 -0.00361 0.00015 -0.00000 -0.00003 -0.00004
   4  0.00000  0.01001  0.00752 0.500000 0.500000 0.001000 0.000100 0.000100 0.001000 0.001000
   5 g:\archives\2016\pfe_murtiyoso\calibration\exom\jpeg denoisées\ex-01-13510_0038_0007.jpg
   5   -0.826    2.242    0.316 -170.475  -38.221  -76.250
   5   0.3152   0.3144   0.4209   7.2786   5.4136   9.5333

   5   7.970   5.052   3.787 10.01390 7.51520 -0.00361 0.00015 -0.00000 -0.00003 -0.00004
   5  0.00000  0.01001  0.00752 0.500000 0.500000 0.001000 0.000100 0.000100 0.001000 0.001000
   6 g:\archives\2016\pfe_murtiyoso\calibration\exom\jpeg denoisées\ex-01-13510_0038_0008.jpg
   6   -0.842    2.267    0.320 -158.271  -32.921  -55.845
   6   0.0147   0.0161   0.0224   0.3031   0.2748   0.4413

   6   7.970   5.052   3.787 10.01390 7.51520 -0.00361 0.00015 -0.00000 -0.00003 -0.00004
   6  0.00000  0.01001  0.00752 0.500000 0.500000 0.001000 0.000100 0.000100 0.001000 0.001000
   7 g:\archives\2016\pfe_murtiyoso\calibration\exom\jpeg denoisées\ex-01-13510_0038_0009.jpg
   7   -1.483    1.569    0.284 -166.487  -50.776  -74.326
   7   0.2975   0.3188   0.3967   9.0483   5.4093  11.4699

   7   7.970   5.052   3.787 10.01390 7.51520 -0.00361 0.00015 -0.00000 -0.00003 -0.00004
   7  0.00000  0.01001  0.00752 0.500000 0.500000 0.001000 0.000100 0.000100 0.001000 0.001000
   8 g:\archives\2016\pfe_murtiyoso\calibration\exom\jpeg denoisées\ex-01-13510_0038_0010.jpg
   8   -1.514    1.577    0.296 -148.091  -43.335  -49.621
   8   0.0139   0.0160   0.0214   0.3407   0.2809   0.4843

   8   7.970   5.052   3.787 10.01390 7.51520 -0.00361 0.00015 -0.00000 -0.00003 -0.00004
   8  0.00000  0.01001  0.00752 0.500000 0.500000 0.001000 0.000100 0.000100 0.001000 0.001000
   9 g:\archives\2016\pfe_murtiyoso\calibration\exom\jpeg denoisées\ex-01-13510_0038_0011.jpg
   9   -2.035    0.698    0.319 -154.058  -65.648  -63.150
   9   0.2914   0.3344   0.3684  13.8954   5.3991  16.3741

   9   7.970   5.052   3.787 10.01390 7.51520 -0.00361 0.00015 -0.00000 -0.00003 -0.00004
   9  0.00000  0.01001  0.00752 0.500000 0.500000 0.001000 0.000100 0.000100 0.001000 0.001000
  10 g:\archives\2016\pfe_murtiyoso\calibration\exom\jpeg denoisées\ex-01-13510_0038_0012.jpg
  10   -2.045    0.698    0.336 -129.886  -52.918  -35.203
  10   0.0139   0.0161   0.0200   0.3902   0.2916   0.5234

  10   7.970   5.052   3.787 10.01390 7.51520 -0.00361 0.00015 -0.00000 -0.00003 -0.00004
  10  0.00000  0.01001  0.00752 0.500000 0.500000 0.001000 0.000100 0.000100 0.001000 0.001000
  11 g:\archives\2016\pfe_murtiyoso\calibration\exom\jpeg denoisées\ex-01-13510_0038_0013.jpg
  11   -2.325   -0.043    0.383 -117.998  -75.018  -28.368
  11   0.2164   0.2563   0.2527  14.9181   4.0988  16.2186

  11   7.970   5.052   3.787 10.01390 7.51520 -0.00361 0.00015 -0.00000 -0.00003 -0.00004
  11  0.00000  0.01001  0.00752 0.500000 0.500000 0.001000 0.000100 0.000100 0.001000 0.001000
  12 g:\archives\2016\pfe_murtiyoso\calibration\exom\jpeg denoisées\ex-01-13510_0038_0014.jpg
  12   -2.330   -0.059    0.396 -105.422  -59.135  -14.726
  12   0.0144   0.0164   0.0189   0.4495   0.2954   0.5377

  12   7.970   5.052   3.787 10.01390 7.51520 -0.00361 0.00015 -0.00000 -0.00003 -0.00004
  12  0.00000  0.01001  0.00752 0.500000 0.500000 0.001000 0.000100 0.000100 0.001000 0.001000
  13 g:\archives\2016\pfe_murtiyoso\calibration\exom\jpeg denoisées\ex-01-13510_0038_0015.jpg
  13   -2.257   -0.056   -0.417 -119.960  -68.518  -29.831
  13   0.2184   0.2412   0.2930  10.5983   4.8850  12.3597

  13   7.970   5.052   3.787 10.01390 7.51520 -0.00361 0.00015 -0.00000 -0.00003 -0.00004
  13  0.00000  0.01001  0.00752 0.500000 0.500000 0.001000 0.000100 0.000100 0.001000 0.001000
  14 g:\archives\2016\pfe_murtiyoso\calibration\exom\jpeg denoisées\ex-01-13510_0038_0016.jpg
  14   -2.156    0.899   -0.400 -144.106  -58.832  -52.186
  14   0.0133   0.0152   0.0205   0.4844   0.2785   0.6299

  14   7.970   5.052   3.787 10.01390 7.51520 -0.00361 0.00015 -0.00000 -0.00003 -0.00004
  14  0.00000  0.01001  0.00752 0.500000 0.500000 0.001000 0.000100 0.000100 0.001000 0.001000
  15 g:\archives\2016\pfe_murtiyoso\calibration\exom\jpeg denoisées\ex-01-13510_0038_0017.jpg
  15   -1.609    1.668   -0.390 -157.135  -46.236  -62.858
  15   0.0131   0.0150   0.0216   0.3797   0.2671   0.5246

  15   7.970   5.052   3.787 10.01390 7.51520 -0.00361 0.00015 -0.00000 -0.00003 -0.00004
  15  0.00000  0.01001  0.00752 0.500000 0.500000 0.001000 0.000100 0.000100 0.001000 0.001000
  16 g:\archives\2016\pfe_murtiyoso\calibration\exom\jpeg denoisées\ex-01-13510_0038_0018.jpg
  16   -0.687    2.210   -0.389 -164.651  -33.479  -67.827
  16   0.0128   0.0140   0.0209   0.3214   0.2615   0.4552

  16   7.970   5.052   3.787 10.01390 7.51520 -0.00361 0.00015 -0.00000 -0.00003 -0.00004
  16  0.00000  0.01001  0.00752 0.500000 0.500000 0.001000 0.000100 0.000100 0.001000 0.001000
  17 g:\archives\2016\pfe_murtiyoso\calibration\exom\jpeg denoisées\ex-01-13510_0038_0019.jpg
  17    0.221    2.367   -0.396 -170.106  -19.144  -68.363
  17   0.0126   0.0129   0.0190   0.2842   0.2609   0.4014

  17   7.970   5.052   3.787 10.01390 7.51520 -0.00361 0.00015 -0.00000 -0.00003 -0.00004
  17  0.00000  0.01001  0.00752 0.500000 0.500000 0.001000 0.000100 0.000100 0.001000 0.001000
  18 g:\archives\2016\pfe_murtiyoso\calibration\exom\jpeg denoisées\ex-01-13510_0038_0020.jpg
  18    1.007    2.435   -0.387 -174.818  -10.009  -69.952
  18   0.2944   0.2628   0.3558   5.8160   5.4008   7.4239

  18   7.970   5.052   3.787 10.01390 7.51520 -0.00361 0.00015 -0.00000 -0.00003 -0.00004
  18  0.00000  0.01001  0.00752 0.500000 0.500000 0.001000 0.000100 0.000100 0.001000 0.001000
  19 g:\archives\2016\pfe_murtiyoso\calibration\exom\jpeg denoisées\ex-01-13510_0038_0021.jpg
  19    1.209    2.682   -1.038 -177.989   -3.937  -79.437
  19   0.3219   0.2874   0.3809   5.7237   5.4192   7.1658

  19   7.970   5.052   3.787 10.01390 7.51520 -0.00361 0.00015 -0.00000 -0.00003 -0.00004
  19  0.00000  0.01001  0.00752 0.500000 0.500000 0.001000 0.000100 0.000100 0.001000 0.001000
  20 g:\archives\2016\pfe_murtiyoso\calibration\exom\jpeg denoisées\ex-01-13510_0038_0022.jpg
  20    1.216    2.677   -1.012 -178.893   -3.036  -95.597
  20   0.3212   0.2866   0.3801   5.6543   5.4859   7.1251

  20   7.970   5.052   3.787 10.01390 7.51520 -0.00361 0.00015 -0.00000 -0.00003 -0.00004
  20  0.00000  0.01001  0.00752 0.500000 0.500000 0.001000 0.000100 0.000100 0.001000 0.001000
  21 g:\archives\2016\pfe_murtiyoso\calibration\exom\jpeg denoisées\ex-01-13510_0038_0023.jpg
  21    0.332    2.562   -1.035 -176.490  -19.974  -81.573
  21   0.3109   0.2763   0.3928   6.0690   5.4257   7.9608

  21   7.970   5.052   3.787 10.01390 7.51520 -0.00361 0.00015 -0.00000 -0.00003 -0.00004
  21  0.00000  0.01001  0.00752 0.500000 0.500000 0.001000 0.000100 0.000100 0.001000 0.001000
  22 g:\archives\2016\pfe_murtiyoso\calibration\exom\jpeg denoisées\ex-01-13510_0038_0024.jpg
  22    0.337    2.563   -1.008  178.286  -19.668  -98.707
  22   0.3105   0.2757   0.3925   5.9797   5.5033   7.8860

  22   7.970   5.052   3.787 10.01390 7.51520 -0.00361 0.00015 -0.00000 -0.00003 -0.00004
  22  0.00000  0.01001  0.00752 0.500000 0.500000 0.001000 0.000100 0.000100 0.001000 0.001000
  23 g:\archives\2016\pfe_murtiyoso\calibration\exom\jpeg denoisées\ex-01-13510_0038_0025.jpg
  23   -0.402    2.283   -1.034 -174.073  -33.079  -80.374
  23   0.3001   0.2749   0.3956   6.8115   5.4220   8.9807

  23   7.970   5.052   3.787 10.01390 7.51520 -0.00361 0.00015 -0.00000 -0.00003 -0.00004
  23  0.00000  0.01001  0.00752 0.500000 0.500000 0.001000 0.000100 0.000100 0.001000 0.001000
  24 g:\archives\2016\pfe_murtiyoso\calibration\exom\jpeg denoisées\ex-01-13510_0038_0026.jpg
  24   -0.405    2.282   -1.002  177.123  -32.738  -97.316
  24   0.2997   0.2744   0.3954   6.7029   5.4972   8.8586

  24   7.970   5.052   3.787 10.01390 7.51520 -0.00361 0.00015 -0.00000 -0.00003 -0.00004
  24  0.00000  0.01001  0.00752 0.500000 0.500000 0.001000 0.000100 0.000100 0.001000 0.001000
  25 g:\archives\2016\pfe_murtiyoso\calibration\exom\jpeg denoisées\ex-01-13510_0038_0027.jpg
  25   -1.169    1.843   -1.032 -170.072  -46.104  -77.032
  25   0.2936   0.2862   0.3960   8.2442   5.4129  10.6142

  25   7.970   5.052   3.787 10.01390 7.51520 -0.00361 0.00015 -0.00000 -0.00003 -0.00004
  25  0.00000  0.01001  0.00752 0.500000 0.500000 0.001000 0.000100 0.000100 0.001000 0.001000
  26 g:\archives\2016\pfe_murtiyoso\calibration\exom\jpeg denoisées\ex-01-13510_0038_0028.jpg
  26   -1.182    1.839   -0.994  174.245  -46.180  -99.400
  26   0.2934   0.2864   0.3962   8.1269   5.5109  10.4511

  26   7.970   5.052   3.787 10.01390 7.51520 -0.00361 0.00015 -0.00000 -0.00003 -0.00004
  26  0.00000  0.01001  0.00752 0.500000 0.500000 0.001000 0.000100 0.000100 0.001000 0.001000
  27 g:\archives\2016\pfe_murtiyoso\calibration\exom\jpeg denoisées\ex-01-13510_0038_0029.jpg
  27   -1.689    0.949   -1.023 -159.627  -60.213  -67.364
  27   0.2698   0.2849   0.3525  11.5329   5.3988  14.0121

  27   7.970   5.052   3.787 10.01390 7.51520 -0.00361 0.00015 -0.00000 -0.00003 -0.00004
  27  0.00000  0.01001  0.00752 0.500000 0.500000 0.001000 0.000100 0.000100 0.001000 0.001000
  28 g:\archives\2016\pfe_murtiyoso\calibration\exom\jpeg denoisées\ex-01-13510_0038_0030.jpg
  28   -1.704    0.947   -0.999  163.816  -60.105 -109.795
  28   0.2702   0.2858   0.3534  11.1729   5.5664  13.4703

  28   7.970   5.052   3.787 10.01390 7.51520 -0.00361 0.00015 -0.00000 -0.00003 -0.00004
  28  0.00000  0.01001  0.00752 0.500000 0.500000 0.001000 0.000100 0.000100 0.001000 0.001000
  29 g:\archives\2016\pfe_murtiyoso\calibration\exom\jpeg denoisées\ex-01-13510_0038_0031.jpg
  29   -1.961    0.082   -1.004 -148.070  -71.283  -57.340
  29   0.2613   0.2893   0.3164  17.8384   5.4051  20.2736

  29   7.970   5.052   3.787 10.01390 7.51520 -0.00361 0.00015 -0.00000 -0.00003 -0.00004
  29  0.00000  0.01001  0.00752 0.500000 0.500000 0.001000 0.000100 0.000100 0.001000 0.001000
  30 g:\archives\2016\pfe_murtiyoso\calibration\exom\jpeg denoisées\ex-01-13510_0038_0032.jpg
  30   -1.964    0.076   -1.002  157.541  -72.214 -114.818
  30   0.2615   0.2896   0.3164  18.1353   5.5950  20.2885

  30   7.970   5.052   3.787 10.01390 7.51520 -0.00361 0.00015 -0.00000 -0.00003 -0.00004
  30  0.00000  0.01001  0.00752 0.500000 0.500000 0.001000 0.000100 0.000100 0.001000 0.001000

      38    1.54570   -0.90226    0.46217   0.010000   0.010000   0.010000
      40    0.55157   -0.87047    0.44902   0.010000   0.010000   0.010000
      43   -0.44158   -0.84240    0.46704   0.010000   0.010000   0.010000
      37    1.53114   -0.88556   -0.55570   0.006540   0.007001   0.008161
      36    0.55144   -0.86109   -0.54919   0.006226   0.006265   0.006608
      45   -0.46115   -0.83727   -0.54226   0.007995   0.008014   0.008515
      20   -1.41692   -0.81442   -0.54690   0.012938   0.016918   0.013824
      35    1.54789   -0.88756   -1.56007   0.007073   0.007065   0.008270
       2    0.53266   -0.85885   -1.55760   0.007018   0.006617   0.006367
      39   -0.48516   -0.83180   -1.55250   0.008859   0.008575   0.008166
      11   -1.45328   -0.84490   -1.55962   0.010000   0.010000   0.010000
      32    1.74231    1.15293   -0.55345   0.009222   0.008929   0.009724
      29    1.72451    1.15879    0.48015   0.010000   0.010000   0.010000
      18    1.72085    0.12513    0.47859   0.010000   0.010000   0.010000
      33    1.72322    0.13566   -0.55213   0.006908   0.007207   0.006765
      27    1.71925    0.14103   -1.56639   0.006864   0.007151   0.006912
      34    1.73872    1.15501   -1.56758   0.008806   0.008856   0.009871

      38    1.54570   -0.90226    0.46217   0.010000   0.010000   0.010000
      40    0.55157   -0.87047    0.44902   0.010000   0.010000   0.010000
      43   -0.44158   -0.84240    0.46704   0.010000   0.010000   0.010000
      37    1.53114   -0.88556   -0.55570   0.006540   0.007001   0.008161
      36    0.55144   -0.86109   -0.54919   0.006226   0.006265   0.006608
      45   -0.46115   -0.83727   -0.54226   0.007995   0.008014   0.008515
      20   -1.41692   -0.81442   -0.54690   0.012938   0.016918   0.013824
      35    1.54789   -0.88756   -1.56007   0.007073   0.007065   0.008270
       2    0.53266   -0.85885   -1.55760   0.007018   0.006617   0.006367
      39   -0.48516   -0.83180   -1.55250   0.008859   0.008575   0.008166
      11   -1.45328   -0.84490   -1.55962   0.010000   0.010000   0.010000
      58    1.38176    0.63936   -1.73213   0.007405   0.007898   0.007824
      52    1.41291    1.19059   -1.73537   0.008687   0.009078   0.010204
       6    0.32010    0.63353   -1.73821   0.007430   0.008416   0.009219
      70    1.34229   -0.52359   -1.73512   0.006848   0.007056   0.006738
      73    1.01784   -0.49976   -1.73476   0.006708   0.006855   0.006076
      72    0.69294   -0.47564   -1.73526   0.006795   0.006926   0.005852
      51    0.16952   -0.45656   -1.73152   0.007388   0.007557   0.006477
      59   -0.15638   -0.45169   -1.73356   0.008008   0.008238   0.007350
      53   -0.48642   -0.44317   -1.73408   0.008765   0.009080   0.008478
      69    1.36216   -0.25356   -1.73480   0.006683   0.007026   0.006350
      75    1.03761   -0.23466   -1.73407   0.006516   0.006845   0.005856
      71    0.70771   -0.20941   -1.73465   0.006585   0.006942   0.005838
      61    0.17610   -0.19209   -1.73424   0.007177   0.007627   0.006764
      50   -0.14847   -0.18266   -1.73553   0.007784   0.008318   0.007755
      63   -0.47282   -0.17202   -1.73501   0.000216   0.000173   0.000245
      74    1.38201    0.02787   -1.73552   0.006716   0.007157   0.006380
      67    1.05392    0.05288   -1.73562   0.006526   0.007008   0.006106
      57   -0.46278    0.11110   -1.73362   0.000209   0.000174   0.000230
      76    0.72623    0.07225   -1.73617   0.006570   0.007124   0.006295
      55    0.17710    0.09188   -1.73239   0.007132   0.007841   0.007475
      65   -0.13663    0.10376   -1.73372   0.007703   0.008517   0.008508
      32    1.74231    1.15293   -0.55345   0.009222   0.008929   0.009724
       7   -0.03561    0.64975   -1.73808   0.007939   0.009102   0.010360
       1   -0.38413    0.66230   -1.73786   0.008612   0.009940   0.011636
      66    1.07498    0.65668   -1.73421   0.007215   0.007835   0.007969
      56    0.73160    0.67471   -1.73340   0.007212   0.007999   0.008481
      26   -0.36481    0.94999   -1.73707   0.008990   0.010445   0.012927
      13   -0.02279    0.94196   -1.73938   0.008396   0.009666   0.011726
      14    0.32381    0.93751   -1.73809   0.007969   0.009036   0.010679
      64    1.39791    0.92022   -1.73637   0.008006   0.008463   0.008962
      68    1.08398    0.93741   -1.73953   0.007808   0.008427   0.009227
      62    0.75044    0.95657   -1.73950   0.007790   0.008602   0.009802
      10   -0.01158    1.20210   -1.73903   0.008922   0.010241   0.013026
       8    0.33202    1.19300   -1.73848   0.008540   0.009630   0.011983
      60    1.09039    1.20974   -1.73978   0.008488   0.009070   0.010571
      54    0.76843    1.22882   -1.74016   0.008458   0.009251   0.011174
      29    1.72451    1.15879    0.48015   0.010000   0.010000   0.010000
      18    1.72085    0.12513    0.47859   0.010000   0.010000   0.010000
      33    1.72322    0.13566   -0.55213   0.006908   0.007207   0.006765
      27    1.71925    0.14103   -1.56639   0.006864   0.007151   0.006912
      34    1.73872    1.15501   -1.56758   0.008806   0.008856   0.009871

   0       38 1299.1780  880.1348  0.10000  0.10000
   0       40 2700.3280  918.4028  0.10000  0.10000
   0       43 4097.1869  927.4531  0.10000  0.10000
   0       22 5472.9020  934.9419  0.10000  0.10000
   0       31 6923.2717  950.5243  0.10000  0.10000
   0     1000 6879.0187 1461.3754  0.10000  0.10000
   0       37 1213.3664 2268.5719  0.10000  0.10000
   0       36 2644.5631 2296.6548  0.10000  0.10000
   0       45 4093.1028 2320.2604  0.10000  0.10000
   0       20 5508.6370 2342.0566  0.10000  0.10000
   0       35 1055.0721 3745.9957  0.10000  0.10000
   0        2 2591.0943 3767.3703  0.10000  0.10000
   0       39 4112.6616 3796.9587  0.10000  0.10000
   0       11 5559.8346 3855.7667  0.10000  0.10000
   1      110  486.2910  348.4535  0.10000  0.10000
   1       16 5859.0966  363.8552  0.10000  0.10000
   1     1003  767.8582  497.2316  0.10000  0.10000
   1     1002  187.7477  531.5174  0.10000  0.10000
   1       38 2427.0088 1066.5089  0.10000  0.10000
   1       40 4044.2262 1123.6340  0.10000  0.10000
   1       43 5633.8622 1130.6814  0.10000  0.10000
   1     1019 2508.0502 2671.7312  0.10000  0.10000
   1       36 3975.6047 2685.1450  0.10000  0.10000
   1     1014 5475.8555 2697.2993  0.10000  0.10000
   1       20 6891.3756 2719.0533  0.10000  0.10000
   1     1001  237.9238 2937.9125  0.10000  0.10000
   1        2 3945.2809 4060.1227  0.10000  0.10000
   1       35 2502.5095 4062.9166  0.10000  0.10000
   1       46  146.0444 4050.2325  0.10000  0.10000
   1     1016 5372.2914 4074.6706  0.10000  0.10000
   1       70 2759.0984 4576.6219  0.10000  0.10000
   1       73 3261.9985 4585.7658  0.10000  0.10000
   1       72 3765.0915 4599.6080  0.10000  0.10000
   1       51 4570.2931 4604.8114  0.10000  0.10000
   1       59 5067.4697 4609.6392  0.10000  0.10000
   1       53 5569.3455 4614.1160  0.10000  0.10000
   1       69 2691.4448 4831.4661  0.10000  0.10000
   1       75 3233.3312 4836.2854  0.10000  0.10000
   1       71 3783.2781 4852.6093  0.10000  0.10000
   1       61 4662.9964 4859.0345  0.10000  0.10000
   1       50 5195.8360 4864.5189  0.10000  0.10000
   1       63 5724.5652 4866.2977  0.10000  0.10000
   1       74 2610.7041 5143.4644  0.10000  0.10000
   1       67 3207.3738 5157.4917  0.10000  0.10000
   1     1018 5917.7643 5165.2851  0.10000  0.10000
   1       76 3801.0985 5167.9255  0.10000  0.10000
   1       55 4789.2534 5167.4960  0.10000  0.10000
   1       65 5347.6720 5172.4933  0.10000  0.10000
   2     1008 2439.1775  593.8033  0.10000  0.10000
   2     1010 4038.2111  614.1357  0.10000  0.10000
   2     1009 5660.8510  615.4053  0.10000  0.10000
   2       35 2555.6630 2076.3232  0.10000  0.10000
   2     1017 5374.1005 2077.0912  0.10000  0.10000
   2       11 6672.4936 2082.6646  0.10000  0.10000
   2        2 3967.2786 2084.8434  0.10000  0.10000
   2       32 1087.8074 2183.3354  0.10000  0.10000
   2       70 2834.1072 2548.7734  0.10000  0.10000
   2       73 3308.3206 2561.3475  0.10000  0.10000
   2       72 3782.2506 2574.8709  0.10000  0.10000
   2       59 5018.7390 2574.8247  0.10000  0.10000
   2       53 5504.0287 2574.8799  0.10000  0.10000
   2       51 4544.1357 2575.3189  0.10000  0.10000
   2       69 2781.7753 2768.8557  0.10000  0.10000
   2       75 3285.2209 2777.1033  0.10000  0.10000
   2       71 3795.2834 2792.4140  0.10000  0.10000
   2       61 4614.6281 2795.2712  0.10000  0.10000
   2       50 5118.5050 2797.9732  0.10000  0.10000
   2       63 5626.1922 2799.4533  0.10000  0.10000
   2       74 2720.5602 3031.3726  0.10000  0.10000
   2       67 3265.7860 3045.6610  0.10000  0.10000
   2       76 3806.3714 3056.0828  0.10000  0.10000
   2       55 4712.0921 3056.5966  0.10000  0.10000
   2       57 5779.0447 3062.3959  0.10000  0.10000
   2       65 5234.7134 3062.9955  0.10000  0.10000
   2        6 4674.8182 3691.0447  0.10000  0.10000
   2        7 5360.0394 3702.5276  0.10000  0.10000
   2        1 6031.5076 3708.0391  0.10000  0.10000
   2       58 2635.0287 3741.7276  0.10000  0.10000
   2       66 3237.1206 3748.7273  0.10000  0.10000
   2       56 3903.2736 3754.9756  0.10000  0.10000
   2       26 6239.0830 4124.9543  0.10000  0.10000
   2       13 5531.5791 4131.9887  0.10000  0.10000
   2       14 4809.9966 4136.3410  0.10000  0.10000
   2       64 2548.4195 4173.5786  0.10000  0.10000
   2       68 3220.5440 4179.6716  0.10000  0.10000
   2       62 3926.4258 4188.8728  0.10000  0.10000
   2     1011 6479.9143 4549.2373  0.10000  0.10000
   2     1013 5710.5306 4581.7571  0.10000  0.10000
   2        8 4933.5854 4584.5285  0.10000  0.10000
   2       52 2449.1022 4662.7349  0.10000  0.10000
   2       60 3206.3667 4673.3372  0.10000  0.10000
   2       54 3954.8712 4683.6681  0.10000  0.10000
   3       29  871.7514 1240.3073  0.10000  0.10000
   3       18 2508.6078 1399.2413  0.10000  0.10000
   3       40 5100.1944 1506.3758  0.10000  0.10000
   3       38 3573.9206 1508.1736  0.10000  0.10000
   3       37 3573.1087 2982.3538  0.10000  0.10000
   3       36 4990.8141 3137.9736  0.10000  0.10000
   3       33 2542.2604 3304.4310  0.10000  0.10000
   3       45 6855.5233 3342.2207  0.10000  0.10000
   3       32 1029.5719 3965.7049  0.10000  0.10000
   3       35 3526.0020 4330.2350  0.10000  0.10000
   3        2 4941.0869 4649.2012  0.10000  0.10000
   3       70 3592.7106 4874.9340  0.10000  0.10000
   3       73 4052.7915 5009.7746  0.10000  0.10000
   3       39 6695.6506 5019.7328  0.10000  0.10000
   3       27 2544.9932 5038.6659  0.10000  0.10000
   3       69 3396.6488 5088.3207  0.10000  0.10000
   3       72 4552.6993 5158.5327  0.10000  0.10000
   3       75 3884.3805 5234.7513  0.10000  0.10000
   4       37 3564.8384 1134.7418  0.10000  0.10000
   4     1028 5033.2793 1293.3288  0.10000  0.10000
   4       33 2510.8797 1468.5753  0.10000  0.10000
   4       32 1068.4969 2100.3867  0.10000  0.10000
   4       35 3519.3672 2480.7336  0.10000  0.10000
   4        2 4845.0319 2755.0175  0.10000  0.10000
   4       70 3583.6658 2952.7137  0.10000  0.10000
   4       73 4004.4339 3065.7667  0.10000  0.10000
   4       27 2625.9351 3085.5048  0.10000  0.10000
   4       39 6481.1641 3086.6528  0.10000  0.10000
   4       69 3405.8996 3130.0397  0.10000  0.10000
   4       72 4456.0627 3188.9564  0.10000  0.10000
   4       75 3847.5438 3251.0770  0.10000  0.10000
   4       74 3198.3254 3340.0567  0.10000  0.10000
   4       51 5269.9464 3388.1244  0.10000  0.10000
   4       71 4327.1473 3391.4489  0.10000  0.10000
   4       67 3664.0633 3484.0429  0.10000  0.10000
   4       59 5827.7871 3524.1782  0.10000  0.10000
   4       61 5197.2933 3622.5308  0.10000  0.10000
   4       76 4168.4967 3636.5774  0.10000  0.10000
   4       53 6426.2087 3669.9710  0.10000  0.10000
   4       50 5785.3764 3779.5346  0.10000  0.10000
   4       55 5121.6496 3907.1007  0.10000  0.10000
   4       58 2706.5916 3922.0420  0.10000  0.10000
   4       63 6410.5564 3942.5631  0.10000  0.10000
   4       65 5728.1666 4084.4374  0.10000  0.10000
   4       66 3204.8953 4097.2528  0.10000  0.10000
   4       34 1458.2451 4119.7636  0.10000  0.10000
   4       64 2390.4613 4263.9919  0.10000  0.10000
   4       57 6400.6300 4268.3420  0.10000  0.10000
   4       56 3809.4810 4307.9540  0.10000  0.10000
   4       68 2933.9395 4472.7355  0.10000  0.10000
   4        6 4643.1690 4511.5943  0.10000  0.10000
   4       52 2034.0775 4641.1544  0.10000  0.10000
   4       62 3559.4432 4715.5772  0.10000  0.10000
   4        7 5408.4728 4774.5599  0.10000  0.10000
   4       60 2626.3265 4897.3860  0.10000  0.10000
   4       14 4480.2637 4989.7675  0.10000  0.10000
   4        1 6224.8407 5038.5982  0.10000  0.10000
   4       54 3272.5655 5174.1615  0.10000  0.10000
   5       18 2428.2280 1291.4977  0.10000  0.10000
   5       40 5192.7848 1365.1663  0.10000  0.10000
   5       38 3788.5699 1387.1443  0.10000  0.10000
   5       37 3772.2628 2858.1259  0.10000  0.10000
   5       33 2472.1496 3078.5319  0.10000  0.10000
   5       36 5058.9795 3103.8061  0.10000  0.10000
   5       32  660.9265 3507.6549  0.10000  0.10000
   5       35 3723.7775 4179.6732  0.10000  0.10000
   5       27 2482.9018 4683.6741  0.10000  0.10000
   5        2 4991.7898 4685.9430  0.10000  0.10000
   5       70 3630.3737 4704.1876  0.10000  0.10000
   5       69 3341.7166 4868.3693  0.10000  0.10000
   5       73 4008.1995 4901.9611  0.10000  0.10000
   5       74 3005.4972 5062.8003  0.10000  0.10000
   5       75 3728.2550 5082.0913  0.10000  0.10000
   5       72 4436.6606 5127.7202  0.10000  0.10000
   6       37 3758.7167 1094.9756  0.10000  0.10000
   6       33 2396.2897 1321.0196  0.10000  0.10000
   6       36 5086.9906 1353.2350  0.10000  0.10000
   6       45 7036.8319 1733.9803  0.10000  0.10000
   6       32  586.2406 1737.2640  0.10000  0.10000
   6       35 3695.0455 2438.6105  0.10000  0.10000
   6       27 2523.1361 2877.3061  0.10000  0.10000
   6        2 4878.4326 2884.4781  0.10000  0.10000
   6       70 3601.4977 2903.5791  0.10000  0.10000
   6       69 3332.7333 3042.7604  0.10000  0.10000
   6       73 3949.1311 3072.8888  0.10000  0.10000
   6       74 3025.0652 3205.0801  0.10000  0.10000
   6       75 3687.8920 3223.8958  0.10000  0.10000
   6       72 4335.7967 3263.0299  0.10000  0.10000
   6       67 3381.1986 3411.7861  0.10000  0.10000
   6       71 4083.6659 3435.7359  0.10000  0.10000
   6       39 6539.1892 3502.4094  0.10000  0.10000
   6       34 1014.2786 3596.8700  0.10000  0.10000
   6       51 5081.2878 3600.7717  0.10000  0.10000
   6       76 3784.0950 3640.5820  0.10000  0.10000
   6       58 2275.1625 3649.6210  0.10000  0.10000
   6       61 4856.2995 3818.4792  0.10000  0.10000
   6       59 5627.9506 3846.9768  0.10000  0.10000
   6       66 2622.1266 3892.6074  0.10000  0.10000
   6       64 1835.9664 3895.3929  0.10000  0.10000
   6       23  474.5249 4016.4903  0.10000  0.10000
   6       55 4597.8674 4080.0030  0.10000  0.10000
   6       50 5414.1172 4095.6641  0.10000  0.10000
   6       53 6243.4205 4124.3789  0.10000  0.10000
   6       52 1359.6277 4153.6800  0.10000  0.10000
   6       68 2191.1142 4177.5527  0.10000  0.10000
   6       56 3059.6377 4195.9778  0.10000  0.10000
   6       65 5151.4062 4386.7296  0.10000  0.10000
   6       63 6040.8911 4403.5520  0.10000  0.10000
   6       60 1716.0953 4486.1091  0.10000  0.10000
   6       62 2615.0993 4515.9539  0.10000  0.10000
   6        6 3752.8032 4555.8185  0.10000  0.10000
   6       57 5810.7069 4736.1321  0.10000  0.10000
   6       54 2121.1560 4860.7550  0.10000  0.10000
   6       14 3320.6693 4965.2782  0.10000  0.10000
   6        7 4381.3095 4986.0043  0.10000  0.10000
   7       18 2148.3639 1331.0867  0.10000  0.10000
   7       40 4851.1466 1393.7158  0.10000  0.10000
   7       37 3674.8785 2913.0549  0.10000  0.10000
   7       33 2189.1895 3041.6307  0.10000  0.10000
   7       36 4728.7335 3223.0532  0.10000  0.10000
   7       32  259.4795 3298.8199  0.10000  0.10000
   7       45 6566.1133 3763.7868  0.10000  0.10000
   7       35 3627.3563 4253.4432  0.10000  0.10000
   7       27 2197.7397 4594.1550  0.10000  0.10000
   7       70 3385.1693 4761.7327  0.10000  0.10000
   7       69 3024.0819 4883.2534  0.10000  0.10000
   7        2 4666.3224 4905.7809  0.10000  0.10000
   7       73 3662.1068 5002.5778  0.10000  0.10000
   7       74 2613.8337 5023.2827  0.10000  0.10000
   7       75 3292.6646 5138.8962  0.10000  0.10000
   8       37 3659.9989 1065.1367  0.10000  0.10000
   8       33 2099.5227 1188.0560  0.10000  0.10000
   8       36 4742.1511 1395.6160  0.10000  0.10000
   8       32  155.0117 1444.9575  0.10000  0.10000
   8       45 6532.7474 1925.9286  0.10000  0.10000
   8       35 3608.6429 2422.4350  0.10000  0.10000
   8       27 2256.1660 2713.6522  0.10000  0.10000
   8       70 3380.2816 2869.1989  0.10000  0.10000
   8       69 3047.0544 2970.5777  0.10000  0.10000
   8        2 4563.0617 2990.4326  0.10000  0.10000
   8       73 3634.9785 3073.3291  0.10000  0.10000
   8       74 2672.0310 3086.9678  0.10000  0.10000
   8       34  594.4085 3188.5876  0.10000  0.10000
   8       75 3297.0064 3185.8210  0.10000  0.10000
   8       72 3924.5272 3307.0588  0.10000  0.10000
   8       67 2903.6810 3325.9883  0.10000  0.10000
   8       58 1760.9762 3405.7997  0.10000  0.10000
   8       71 3577.6765 3440.9266  0.10000  0.10000
   8       64 1265.5226 3570.2261  0.10000  0.10000
   8       76 3175.3276 3597.0951  0.10000  0.10000
   8       66 1951.8125 3675.1690  0.10000  0.10000
   8       52  749.2444 3734.0967  0.10000  0.10000
   8       51 4511.8044 3742.8212  0.10000  0.10000
   8       39 6041.2556 3858.4953  0.10000  0.10000
   8       68 1436.7797 3874.1376  0.10000  0.10000
   8       61 4158.5031 3923.6608  0.10000  0.10000
   8       56 2198.7914 4018.5991  0.10000  0.10000
   8       59 4967.4336 4076.5860  0.10000  0.10000
   8       60  891.5937 4077.9557  0.10000  0.10000
   8       55 3750.0998 4139.2499  0.10000  0.10000
   8       62 1644.0003 4244.8895  0.10000  0.10000
   8       50 4596.4234 4289.7880  0.10000  0.10000
   8        6 2671.7570 4463.4564  0.10000  0.10000
   8       54 1055.8762 4472.9162  0.10000  0.10000
   8       53 5504.3676 4472.9985  0.10000  0.10000
   8       65 4155.8448 4532.8416  0.10000  0.10000
   8       63 5114.1145 4720.2916  0.10000  0.10000
   8       14 2058.3138 4772.8065  0.10000  0.10000
   8        7 3057.4400 4981.0425  0.10000  0.10000
   8       57 4668.9596 5012.1675  0.10000  0.10000
   8        8 1476.1749 5051.5772  0.10000  0.10000
   9       43 6015.1847 1215.5296  0.10000  0.10000
   9       29  354.9064 1256.3471  0.10000  0.10000
   9       18 2210.4008 1318.2006  0.10000  0.10000
   9       40 4556.9687 1347.9542  0.10000  0.10000
   9       37 3770.1599 2868.9605  0.10000  0.10000
   9       33 2252.9438 2900.9996  0.10000  0.10000
   9       32  490.2954 3011.8760  0.10000  0.10000
   9       36 4445.8783 3242.6109  0.10000  0.10000
   9       45 5763.7938 3969.8421  0.10000  0.10000
   9       27 2266.4106 4330.3360  0.10000  0.10000
   9       34  622.1886 4578.8271  0.10000  0.10000
   9       70 3351.6424 4647.1392  0.10000  0.10000
   9       69 2960.0084 4707.2077  0.10000  0.10000
   9       74 2530.9278 4776.6031  0.10000  0.10000
   9       73 3487.4450 4912.8102  0.10000  0.10000
   9        2 4384.5161 4967.2168  0.10000  0.10000
   9       58 1528.6904 4964.6964  0.10000  0.10000
   9       75 3072.7998 4981.3342  0.10000  0.10000
   9       64 1031.6098 5046.2073  0.10000  0.10000
   9       67 2600.6714 5069.3674  0.10000  0.10000
   9       72 3648.3349 5229.5274  0.10000  0.10000
  10       33 2070.9826  996.1355  0.10000  0.10000
  10       32  241.9209 1113.0814  0.10000  0.10000
  10       36 4388.1337 1384.1870  0.10000  0.10000
  10       45 5647.6842 2101.2933  0.10000  0.10000
  10       35 3642.8849 2333.5486  0.10000  0.10000
  10       27 2231.5384 2451.7291  0.10000  0.10000
  10       34  635.1411 2679.6007  0.10000  0.10000
  10       70 3287.0174 2740.2532  0.10000  0.10000
  10       69 2919.7802 2792.7278  0.10000  0.10000
  10       74 2518.5411 2851.8818  0.10000  0.10000
  10       73 3416.7344 2968.6687  0.10000  0.10000
  10        2 4243.4022 3010.4095  0.10000  0.10000
  10       58 1573.8672 3018.7868  0.10000  0.10000
  10       75 3034.3425 3027.9265  0.10000  0.10000
  10       64 1098.8796 3097.4571  0.10000  0.10000
  10       67 2599.9138 3103.1443  0.10000  0.10000
  10       52  623.7634 3169.0728  0.10000  0.10000
  10       72 3565.5688 3233.2708  0.10000  0.10000
  10       66 1597.9490 3283.3333  0.10000  0.10000
  10       71 3158.3071 3307.9016  0.10000  0.10000
  10       68 1091.1519 3383.0087  0.10000  0.10000
  10       76 2701.8392 3392.8875  0.10000  0.10000
  10       60  577.8373 3478.5373  0.10000  0.10000
  10       56 1630.1404 3623.3192  0.10000  0.10000
  10       62 1077.7344 3733.2292  0.10000  0.10000
  10       51 3892.5207 3742.7616  0.10000  0.10000
  10       54  522.9531 3833.3684  0.10000  0.10000
  10       61 3444.3414 3854.8373  0.10000  0.10000
  10       55 2935.4244 3986.3755  0.10000  0.10000
  10        6 1809.4464 4094.3279  0.10000  0.10000
  10       39 5245.4873 4123.4090  0.10000  0.10000
  10       59 4159.3273 4144.7077  0.10000  0.10000
  10       14 1154.5875 4254.0290  0.10000  0.10000
  10       50 3665.7743 4278.6060  0.10000  0.10000
  10        8  576.6419 4383.9753  0.10000  0.10000
  10       65 3102.2421 4423.8742  0.10000  0.10000
  10        7 1878.2490 4620.2121  0.10000  0.10000
  10       53 4480.8825 4638.9898  0.10000  0.10000
  10       63 3932.9892 4793.2618  0.10000  0.10000
  10       13 1185.9988 4794.1616  0.10000  0.10000
  10       10  537.4656 4948.4459  0.10000  0.10000
  10       57 3325.0118 4973.5377  0.10000  0.10000
  10        1 1973.5998 5257.2783  0.10000  0.10000
  11       43 5284.5395 1118.9845  0.10000  0.10000
  11       29 1000.7575 1138.3020  0.10000  0.10000
  11       18 2603.8102 1179.2968  0.10000  0.10000
  11     1012 2635.9568 2658.8914  0.10000  0.10000
  11       32 1125.4221 2666.2081  0.10000  0.10000
  11       45 5044.3753 3964.5076  0.10000  0.10000
  11     1020 2647.1770 3963.6478  0.10000  0.10000
  11       34 1228.7814 4019.5595  0.10000  0.10000
  11       70 3574.3846 4385.2172  0.10000  0.10000
  11       69 3193.5113 4388.8062  0.10000  0.10000
  11       74 2792.3232 4396.9843  0.10000  0.10000
  11       58 1890.0597 4444.2606  0.10000  0.10000
  11       64 1469.3339 4459.4360  0.10000  0.10000
  11       52 1061.2310 4466.1825  0.10000  0.10000
  11       73 3595.3087 4648.1285  0.10000  0.10000
  11       75 3189.5322 4652.2193  0.10000  0.10000
  11       67 2743.2491 4666.7419  0.10000  0.10000
  11       66 1781.6812 4704.0795  0.10000  0.10000
  11       60  879.8794 4742.8826  0.10000  0.10000
  11       72 3619.4625 4962.0104  0.10000  0.10000
  11       71 3173.9490 4972.9596  0.10000  0.10000
  11     1015 2695.6125 4986.6862  0.10000  0.10000
  11     1024 1641.5401 5042.4727  0.10000  0.10000
  11       62 1146.7528 5057.0280  0.10000  0.10000
  11       54  666.9847 5061.5783  0.10000  0.10000
  12       32  876.9491  963.9827  0.10000  0.10000
  12       33 2469.3382  967.2372  0.10000  0.10000
  12       34 1162.9810 2364.3090  0.10000  0.10000
  12       70 3484.7891 2720.1790  0.10000  0.10000
  12       69 3121.5137 2723.8809  0.10000  0.10000
  12       74 2737.1657 2729.4818  0.10000  0.10000
  12       58 1865.7587 2766.2426  0.10000  0.10000
  12       64 1452.7932 2779.3176  0.10000  0.10000
  12       73 3505.6756 2951.9042  0.10000  0.10000
  12       75 3123.7930 2956.4696  0.10000  0.10000
  12       67 2702.7532 2968.3725  0.10000  0.10000
  12       66 1781.2910 3000.8702  0.10000  0.10000
  12       68 1337.6924 3024.3498  0.10000  0.10000
  12       60  899.2858 3042.8786  0.10000  0.10000
  12       72 3528.7614 3220.9285  0.10000  0.10000
  12       71 3116.4552 3231.8620  0.10000  0.10000
  12       76 2671.2453 3245.1401  0.10000  0.10000
  12       56 1672.4942 3301.0437  0.10000  0.10000
  12       62 1192.7122 3322.0260  0.10000  0.10000
  12       54  726.1929 3333.6887  0.10000  0.10000
  12        6 1635.2422 3735.4596  0.10000  0.10000
  12       51 3609.8805 3747.8554  0.10000  0.10000
  12       14 1054.8543 3773.4524  0.10000  0.10000
  12       61 3141.9163 3778.6786  0.10000  0.10000
  12       55 2626.0287 3815.8581  0.10000  0.10000
  12       20 6212.2973 4140.8143  0.10000  0.10000
  12       59 3686.9745 4168.4369  0.10000  0.10000
  12        7 1486.1240 4198.0044  0.10000  0.10000
  12       50 3163.3821 4204.3184  0.10000  0.10000
  12       13  878.9396 4230.5700  0.10000  0.10000
  12       65 2591.4921 4236.3906  0.10000  0.10000
  12       10  337.0291 4252.9438  0.10000  0.10000
  12       53 3775.0896 4689.1572  0.10000  0.10000
  12       63 3187.1595 4722.9826  0.10000  0.10000
  12        1 1318.6404 4754.2957  0.10000  0.10000
  12     1027 2558.6852 4766.1180  0.10000  0.10000
  12       26  662.5001 4774.0247  0.10000  0.10000
  12     1004 6381.6968 5113.1333  0.10000  0.10000
  13       33 2159.2554  932.5339  0.10000  0.10000
  13       45 4907.2110 1214.7112  0.10000  0.10000
  13       27 2240.9046 2452.1965  0.10000  0.10000
  13       34  662.3771 2477.3838  0.10000  0.10000
  13       70 3243.3939 2822.1316  0.10000  0.10000
  13       69 2842.1965 2826.2111  0.10000  0.10000
  13       74 2411.5401 2832.8189  0.10000  0.10000
  13       73 3269.8331 2996.8477  0.10000  0.10000
  13       67 2363.2675 3016.0492  0.10000  0.10000
  13       72 3299.5445 3206.5020  0.10000  0.10000
  13       71 2829.8509 3218.8392  0.10000  0.10000
  13       76 2315.5184 3235.4810  0.10000  0.10000
  13       51 3402.6549 3632.8514  0.10000  0.10000
  13     1023 1044.9060 3656.5258  0.10000  0.10000
  13       61 2853.1096 3668.1724  0.10000  0.10000
  13       14  344.3462 3692.3865  0.10000  0.10000
  13       55 2235.7030 3707.9149  0.10000  0.10000
  13       39 4645.5078 3966.7283  0.10000  0.10000
  13       59 3503.6547 3994.6933  0.10000  0.10000
  13       50 2874.4029 4039.1461  0.10000  0.10000
  13        7  807.1425 4066.0666  0.10000  0.10000
  13       65 2172.9005 4079.7253  0.10000  0.10000
  13       53 3626.5498 4467.7884  0.10000  0.10000
  13       63 2898.4310 4516.0997  0.10000  0.10000
  13     1026 2102.9942 4574.6152  0.10000  0.10000
  13        1  518.5494 4589.3146  0.10000  0.10000
  14       32  283.8240  905.1169  0.10000  0.10000
  14       33 2120.0758  947.3460  0.10000  0.10000
  14       37 3706.7900 1013.2127  0.10000  0.10000
  14       36 4464.7618 1094.5160  0.10000  0.10000
  14       45 5886.0848 1236.4254  0.10000  0.10000
  14       35 3639.4379 2432.5218  0.10000  0.10000
  14       27 2193.0961 2493.2334  0.10000  0.10000
  14       34  505.3688 2623.5256  0.10000  0.10000
  14       70 3284.3885 2791.6628  0.10000  0.10000
  14       69 2905.9826 2824.3057  0.10000  0.10000
  14       74 2487.1563 2862.4286  0.10000  0.10000
  14        2 4321.9719 2881.3687  0.10000  0.10000
  14       73 3435.2767 2952.6947  0.10000  0.10000
  14       58 1485.0033 2970.8944  0.10000  0.10000
  14       75 3038.3916 2990.8399  0.10000  0.10000
  14       67 2582.4921 3041.7043  0.10000  0.10000
  14       72 3610.7688 3142.7258  0.10000  0.10000
  14       66 1510.5549 3164.1887  0.10000  0.10000
  14       71 3185.8615 3193.1302  0.10000  0.10000
  14       68  955.4582 3237.4718  0.10000  0.10000
  14       76 2703.7886 3252.8927  0.10000  0.10000
  14       60  389.0922 3304.4068  0.10000  0.10000
  14       56 1546.9824 3415.7373  0.10000  0.10000
  14       62  933.6617 3500.2947  0.10000  0.10000
  14       51 4001.5000 3515.3777  0.10000  0.10000
  14       54  311.7276 3573.6529  0.10000  0.10000
  14       61 3530.5475 3598.2884  0.10000  0.10000
  14       39 5526.8471 3660.7424  0.10000  0.10000
  14       55 2988.5135 3693.8077  0.10000  0.10000
  14        6 1748.0447 3779.6426  0.10000  0.10000
  14       59 4327.7927 3821.3442  0.10000  0.10000
  14       14 1008.7170 3904.2538  0.10000  0.10000
  14       50 3805.1663 3922.9387  0.10000  0.10000
  14       65 3198.8105 4032.7279  0.10000  0.10000
  14        7 1832.1344 4196.4932  0.10000  0.10000
  14       53 4735.2798 4208.6224  0.10000  0.10000
  14       63 4148.4620 4329.7769  0.10000  0.10000
  14       13 1030.6918 4344.2273  0.10000  0.10000
  14     1029 3486.8624 4473.7165  0.10000  0.10000
  14       10  265.9820 4474.1477  0.10000  0.10000
  14        1 1948.8466 4728.8404  0.10000  0.10000
  14       26 1049.5932 4902.8162  0.10000  0.10000
  14        4  194.0674 5085.8981  0.10000  0.10000
  15       33 1976.4672  982.9785  0.10000  0.10000
  15       37 3543.6536 1036.0636  0.10000  0.10000
  15       36 4638.2493 1126.5030  0.10000  0.10000
  15       45 6486.6143 1272.4835  0.10000  0.10000
  15       35 3479.8921 2468.0314  0.10000  0.10000
  15       27 2061.3396 2642.3913  0.10000  0.10000
  15        2 4482.6727 2869.2870  0.10000  0.10000
  15       34  242.3323 2946.6440  0.10000  0.10000
  15       74 2488.8950 3010.5864  0.10000  0.10000
  15       73 3509.8216 3014.5558  0.10000  0.10000
  15       75 3153.3537 3092.0673  0.10000  0.10000
  15       67 2731.9045 3191.8790  0.10000  0.10000
  15       72 3818.4436 3191.5696  0.10000  0.10000
  15       58 1488.8728 3234.6584  0.10000  0.10000
  15       71 3452.6705 3286.7064  0.10000  0.10000
  15       76 3021.0749 3400.5858  0.10000  0.10000
  15       66 1682.8020 3444.8629  0.10000  0.10000
  15       52  354.2325 3472.7910  0.10000  0.10000
  15       39 6099.4559 3507.0916  0.10000  0.10000
  15       51 4455.0601 3525.5768  0.10000  0.10000
  15       68 1099.4626 3596.8004  0.10000  0.10000
  15       61 4083.5071 3661.8556  0.10000  0.10000
  15       56 1939.0335 3715.2858  0.10000  0.10000
  15       59 4959.6020 3790.7932  0.10000  0.10000
  15       55 3646.1776 3823.9582  0.10000  0.10000
  15       62 1303.9728 3895.1996  0.10000  0.10000
  15       50 4570.7365 3955.0745  0.10000  0.10000
  15       54  618.6219 4074.9351  0.10000  0.10000
  15        6 2451.8658 4079.2706  0.10000  0.10000
  15       53 5570.4866 4113.3895  0.10000  0.10000
  15       65 4099.4683 4143.2398  0.10000  0.10000
  15       63 5163.8123 4310.2007  0.10000  0.10000
  15       14 1741.2857 4332.6388  0.10000  0.10000
  15        7 2876.0947 4510.4420  0.10000  0.10000
  15       57 4689.4799 4546.1360  0.10000  0.10000
  15        8 1047.4435 4567.4540  0.10000  0.10000
  15       13 2135.3322 4813.0814  0.10000  0.10000
  15        1 3416.0657 5052.1007  0.10000  0.10000
  15       10 1364.4053 5115.6264  0.10000  0.10000
  16       33 2209.7870 1043.2343  0.10000  0.10000
  16       37 3675.5485 1066.4028  0.10000  0.10000
  16       36 5139.0202 1160.5014  0.10000  0.10000
  16       35 3587.8572 2574.9212  0.10000  0.10000
  16       27 2278.4395 2900.4604  0.10000  0.10000
  16        2 4933.3772 2936.1335  0.10000  0.10000
  16       70 3495.6533 3022.1184  0.10000  0.10000
  16       69 3198.7108 3134.7947  0.10000  0.10000
  16       73 3896.3214 3167.1856  0.10000  0.10000
  16       74 2849.0944 3270.3851  0.10000  0.10000
  16       75 3611.0062 3292.0622  0.10000  0.10000
  16       72 4349.1334 3333.3896  0.10000  0.10000
  16       39 6894.1074 3455.5061  0.10000  0.10000
  16       67 3267.2244 3453.4835  0.10000  0.10000
  16       34  416.5216 3494.0092  0.10000  0.10000
  16       71 4079.3549 3480.4583  0.10000  0.10000
  16       51 5240.0982 3635.3788  0.10000  0.10000
  16       58 1952.3489 3660.8972  0.10000  0.10000
  16       76 3749.1138 3661.1668  0.10000  0.10000
  16       61 5015.8386 3831.2683  0.10000  0.10000
  16     1022 5907.1357 3862.3269  0.10000  0.10000
  16       66 2367.9035 3889.2289  0.10000  0.10000
  16       64 1399.8072 3891.1230  0.10000  0.10000
  16       55 4751.0451 4072.3342  0.10000  0.10000
  16       50 5710.7994 4093.4126  0.10000  0.10000
  16       53 6666.3923 4117.9437  0.10000  0.10000
  16       52  783.4846 4136.0819  0.10000  0.10000
  16       68 1824.1796 4167.4312  0.10000  0.10000
  16       56 2905.2421 4180.0134  0.10000  0.10000
  16       65 5457.9081 4371.6535  0.10000  0.10000
  16       63 6503.3640 4384.5339  0.10000  0.10000
  16       60 1200.8643 4475.8041  0.10000  0.10000
  16       62 2348.2625 4506.1429  0.10000  0.10000
  16        6 3777.4915 4541.4159  0.10000  0.10000
  16       57 6314.4712 4714.6759  0.10000  0.10000
  16       54 1697.1885 4870.4501  0.10000  0.10000
  16       14 3256.0401 4973.4660  0.10000  0.10000
  16        7 4608.2442 4990.0945  0.10000  0.10000
  17       37 3533.7719  839.9577  0.10000  0.10000
  17       33 2229.6507  863.9532  0.10000  0.10000
  17     1025 5284.6356  924.3989  0.10000  0.10000
  17       35 3456.4228 2494.0813  0.10000  0.10000
  17        2 5051.1739 2764.1114  0.10000  0.10000
  17       70 3529.4367 2998.1015  0.10000  0.10000
  17       27 2333.8335 3028.9117  0.10000  0.10000
  17       73 4041.9337 3114.8322  0.10000  0.10000
  17       69 3311.5951 3165.9101  0.10000  0.10000
  17       75 3857.7894 3294.4595  0.10000  0.10000
  17       74 3048.0141 3372.8663  0.10000  0.10000
  17       71 4461.9825 3447.0781  0.10000  0.10000
  17       51 5637.2586 3462.3744  0.10000  0.10000
  17       67 3633.1010 3529.9760  0.10000  0.10000
  17       59 6353.7884 3613.2152  0.10000  0.10000
  17       76 4280.7094 3701.9153  0.10000  0.10000
  17       61 5589.5211 3707.8877  0.10000  0.10000
  17       50 6362.6014 3885.4890  0.10000  0.10000
  17       58 2368.0961 3992.7198  0.10000  0.10000
  17       55 5546.4439 4017.0430  0.10000  0.10000
  17       66 3025.0159 4202.0968  0.10000  0.10000
  17       65 6367.5482 4225.1570  0.10000  0.10000
  17       64 1896.2538 4391.9371  0.10000  0.10000
  17       56 3843.2657 4462.3674  0.10000  0.10000
  17       68 2628.9342 4658.3408  0.10000  0.10000
  17        6 5004.4788 4730.3758  0.10000  0.10000
  17       52 1333.1720 4854.1809  0.10000  0.10000
  17       62 3502.1290 4977.8759  0.10000  0.10000
  17     1021 6107.8568 5066.6494  0.10000  0.10000
  17       60 2145.4304 5207.6623  0.10000  0.10000
  18       37 3783.0892  953.7308  0.10000  0.10000
  18       36 5621.8792  999.3660  0.10000  0.10000
  18       32 1640.0256 1294.3182  0.10000  0.10000
  18       35 3692.0214 2642.2502  0.10000  0.10000
  18        2 5387.0190 2798.3442  0.10000  0.10000
  18       70 3930.8689 3159.9126  0.10000  0.10000
  18       73 4501.1183 3235.2998  0.10000  0.10000
  18       72 5110.6911 3319.2666  0.10000  0.10000
  18       69 3831.1326 3359.6861  0.10000  0.10000
  18       51 6165.0456 3439.8373  0.10000  0.10000
  18       75 4448.2355 3442.7560  0.10000  0.10000
  18       59 6841.2888 3516.1231  0.10000  0.10000
  18       71 5117.2103 3542.7848  0.10000  0.10000
  18       74 3709.8655 3609.7270  0.10000  0.10000
  18       67 4390.3094 3716.7090  0.10000  0.10000
  18       50 7012.2421 3779.0637  0.10000  0.10000
  18       76 5119.7580 3829.6695  0.10000  0.10000
  18       55 6440.3611 4004.1434  0.10000  0.10000
  18       58 3455.8168 4369.7962  0.10000  0.10000
  18       66 4259.0996 4517.7630  0.10000  0.10000
  18       56 5228.4468 4690.8830  0.10000  0.10000
  18        6 6422.2396 4790.6090  0.10000  0.10000
  18       64 3239.1139 4884.0586  0.10000  0.10000
  18       68 4170.9117 5073.5486  0.10000  0.10000
  19       37 3479.6655  790.2805  0.10000  0.10000
  19       45 6987.5029  796.9522  0.10000  0.10000
  19       35 3426.8129 2468.2894  0.10000  0.10000
  19        2 5063.0544 2517.3083  0.10000  0.10000
  19       39 6827.3488 2564.9439  0.10000  0.10000
  19       34 2125.2318 3467.0135  0.10000  0.10000
  19       58 3504.5525 3493.7072  0.10000  0.10000
  19       66 4328.1253 3548.5981  0.10000  0.10000
  19       56 5297.7996 3609.9168  0.10000  0.10000
  19       64 3392.6938 3775.2212  0.10000  0.10000
  19       68 4360.2942 3848.4471  0.10000  0.10000
  19       62 5449.1281 3929.6497  0.10000  0.10000
  19       52 3248.8017 4123.7594  0.10000  0.10000
  19       60 4412.3827 4226.0760  0.10000  0.10000
  19       54 5648.2427 4329.5462  0.10000  0.10000
  19     1005  116.3994 5220.1894  0.10000  0.10000
  20     1006  887.5205  443.5309  0.10000  0.10000
  20     1007 1262.7829  553.0767  0.10000  0.10000
  20       43 6599.7291  918.7444  0.10000  0.10000
  20       40 4959.4408  946.9840  0.10000  0.10000
  20       32 2055.4124 1507.2875  0.10000  0.10000
  20       37 3376.0628 2512.9333  0.10000  0.10000
  20       36 4945.0809 2526.5706  0.10000  0.10000
  20       45 6674.1874 2541.2572  0.10000  0.10000
  20       35 3299.3348 4131.3716  0.10000  0.10000
  20        2 4986.3592 4197.4522  0.10000  0.10000
  20       39 6763.9654 4259.2517  0.10000  0.10000
  20       67 4209.0691 4898.0546  0.10000  0.10000
  21       32  842.9111  202.5096  0.10000  0.10000
  21       33 2590.8246  811.3581  0.10000  0.10000
  21       36 5352.2966 1022.2826  0.10000  0.10000
  21       37 3688.6540 1112.1421  0.10000  0.10000
  21       35 3639.4191 2716.5301  0.10000  0.10000
  21        2 5273.0723 2821.4338  0.10000  0.10000
  21       27 2627.8128 2973.4418  0.10000  0.10000
  21       34 1003.9024 3511.4820  0.10000  0.10000
  21       66 3482.7577 3774.9657  0.10000  0.10000
  21       64 2342.7756 3906.4564  0.10000  0.10000
  21       56 4382.1619 3910.3057  0.10000  0.10000
  21       68 3155.6874 4047.8137  0.10000  0.10000
  21        6 5649.3383 4057.8641  0.10000  0.10000
  21       52 1811.3536 4191.6135  0.10000  0.10000
  21       62 4132.5830 4220.1914  0.10000  0.10000
  21       60 2741.6764 4385.2983  0.10000  0.10000
  21       14 5634.8867 4427.7812  0.10000  0.10000
  21       54 3811.5126 4605.3596  0.10000  0.10000
  21       13 7030.7828 4639.1108  0.10000  0.10000
  21        8 5593.5603 4852.3576  0.10000  0.10000
  22        5  494.5482  890.3458  0.10000  0.10000
  22       40 5204.1949 1104.1583  0.10000  0.10000
  22       38 3649.3330 1303.4078  0.10000  0.10000
  22       32 1011.8689 1998.3316  0.10000  0.10000
  22       33 2619.0629 2534.5637  0.10000  0.10000
  22       36 5221.0100 2748.9064  0.10000  0.10000
  22       37 3644.6685 2797.4181  0.10000  0.10000
  22       35 3585.1435 4408.1359  0.10000  0.10000
  22        2 5304.2218 4555.5774  0.10000  0.10000
  22       27 2498.3316 4707.3441  0.10000  0.10000
  23       33 2418.6186  873.3113  0.10000  0.10000
  23       36 5372.1736  968.8548  0.10000  0.10000
  23       37 3806.1367 1113.2075  0.10000  0.10000
  23       35 3754.1969 2690.3250  0.10000  0.10000
  23        2 5283.8445 2849.7465  0.10000  0.10000
  23       27 2460.9155 2885.8251  0.10000  0.10000
  23       34  486.5936 3257.8196  0.10000  0.10000
  23       66 2735.1273 3654.7707  0.10000  0.10000
  23       56 3423.1898 3831.4552  0.10000  0.10000
  23       68 2178.9690 3869.1932  0.10000  0.10000
  23        6 4526.9825 4061.7266  0.10000  0.10000
  23       62 2874.4653 4084.9952  0.10000  0.10000
  23        7 5653.4299 4357.2734  0.10000  0.10000
  23       54 2191.7307 4384.9521  0.10000  0.10000
  23       14 4077.5345 4389.0064  0.10000  0.10000
  23        1 7034.0701 4694.9194  0.10000  0.10000
  23        8 3558.0481 4755.6079  0.10000  0.10000
  23       13 5306.4682 4757.8027  0.10000  0.10000
  23       10 4886.6659 5238.2202  0.10000  0.10000
  24       18 2479.8419  538.6392  0.10000  0.10000
  24       40 5199.7698  787.4344  0.10000  0.10000
  24       38 3729.5489 1138.5574  0.10000  0.10000
  24       32  434.1609 2011.8537  0.10000  0.10000
  24       33 2416.7397 2409.1604  0.10000  0.10000
  24       36 5199.0598 2520.0524  0.10000  0.10000
  24       37 3725.1566 2622.5465  0.10000  0.10000
  24       35 3676.4359 4180.9891  0.10000  0.10000
  24        2 5264.9929 4380.0138  0.10000  0.10000
  24       27 2310.9660 4403.4939  0.10000  0.10000
  25       36 5132.0490  856.2698  0.10000  0.10000
  25       33 2263.9741  878.6237  0.10000  0.10000
  25       37 3818.0298 1045.4922  0.10000  0.10000
  25       35 3774.8198 2578.0525  0.10000  0.10000
  25       27 2320.7944 2706.8153  0.10000  0.10000
  25        2 5043.9962 2771.8628  0.10000  0.10000
  25       34  330.0105 2927.6470  0.10000  0.10000
  25       65 5154.2734 3796.0355  0.10000  0.10000
  25        6 3196.3971 3808.0007  0.10000  0.10000
  25       14 2443.7178 4034.9225  0.10000  0.10000
  25        7 3889.9533 4123.5790  0.10000  0.10000
  25        8 1647.0599 4268.9836  0.10000  0.10000
  25       13 3118.7904 4406.3871  0.10000  0.10000
  25        1 4826.8255 4549.5292  0.10000  0.10000
  25       10 2245.8410 4726.0349  0.10000  0.10000
  25       26 4023.7473 4915.9184  0.10000  0.10000
  26       40 4978.9829  799.2475  0.10000  0.10000
  26       18 2349.6781  846.3402  0.10000  0.10000
  26       38 3753.1032 1260.8656  0.10000  0.10000
  26       32  281.4629 2289.2959  0.10000  0.10000
  26       45 7043.8185 2313.5633  0.10000  0.10000
  26       33 2282.8367 2539.0547  0.10000  0.10000
  26       36 4973.0731 2549.2901  0.10000  0.10000
  26       37 3745.1231 2689.8076  0.10000  0.10000
  26       35 3704.8953 4198.1955  0.10000  0.10000
  26       27 2177.2143 4344.0494  0.10000  0.10000
  27       36 4790.2769  539.4491  0.10000  0.10000
  27       33 2045.1690  692.9680  0.10000  0.10000
  27       37 3794.6534  801.1305  0.10000  0.10000
  27       35 3757.6144 2415.0176  0.10000  0.10000
  27       27 2128.1001 2483.8610  0.10000  0.10000
  27       34  134.0031 2602.5473  0.10000  0.10000
  27        2 4692.4337 2672.8503  0.10000  0.10000
  27       39 6529.2060 3168.3821  0.10000  0.10000
  27       61 3912.2272 3381.1657  0.10000  0.10000
  27       55 3272.4183 3477.2650  0.10000  0.10000
  27       59 4975.1097 3538.9231  0.10000  0.10000
  27        6 1708.5917 3606.7642  0.10000  0.10000
  27       14  741.4117 3748.8514  0.10000  0.10000
  27       65 3631.8944 3762.4480  0.10000  0.10000
  27       53 5664.1386 3862.6962  0.10000  0.10000
  27        7 1868.7914 3980.9189  0.10000  0.10000
  27       63 4965.7221 3998.6368  0.10000  0.10000
  27       57 4154.4254 4159.8790  0.10000  0.10000
  27       13  777.2128 4166.2430  0.10000  0.10000
  27        1 2107.2331 4506.3400  0.10000  0.10000
  27       26  809.2911 4753.8498  0.10000  0.10000
  28       40 4601.4304  912.7945  0.10000  0.10000
  28       18 2161.3013 1265.9996  0.10000  0.10000
  28       45 6395.5249 2392.6326  0.10000  0.10000
  28       36 4597.1816 2777.9310  0.10000  0.10000
  28       33 2058.0503 2873.2123  0.10000  0.10000
  28       37 3691.3587 2974.2552  0.10000  0.10000
  28       35 3652.0447 4573.2087  0.10000  0.10000
  28       27 1912.7056 4652.8615  0.10000  0.10000
  28        2 4651.0066 4894.6369  0.10000  0.10000
  29       33 1811.0829  863.9840  0.10000  0.10000
  29       27 1877.4145 2577.3590  0.10000  0.10000
  29        2 4044.5248 2876.3271  0.10000  0.10000
  29       39 5116.3606 3525.0628  0.10000  0.10000
  29       51 3405.7187 3513.9489  0.10000  0.10000
  29       61 2744.5474 3565.3801  0.10000  0.10000
  29       59 3613.6975 3805.4987  0.10000  0.10000
  29       50 2838.4133 3872.5663  0.10000  0.10000
  29       65 1939.4601 3940.7871  0.10000  0.10000
  29       53 3893.0111 4210.7747  0.10000  0.10000
  29       63 2964.4958 4294.8106  0.10000  0.10000
  29       57 1904.1344 4397.4067  0.10000  0.10000
  30       18 1933.9892 1065.3475  0.10000  0.10000
  30       45 5086.3732 1939.8694  0.10000  0.10000
  30       36 4003.9777 2470.2769  0.10000  0.10000
  30       33 1838.0084 2648.4207  0.10000  0.10000
  30       27 1707.1506 4343.7534  0.10000  0.10000
  30        2 3985.7565 4680.7365  0.10000  0.10000

   1    1       38 
   2    1       40 
   3    1       43 
   4    1       22 
   5    1       31 
   6    1       23 
   7    1       37 
   8    1       36 
   9    1       45 
  10    1       20 
  11    1       35 
  12    1        2 
  13    1       39 
  14    1       11 
  15    1      110 
  16    1       16 
  17    1       58 
  18    1       52 
  19    1        6 
  20    1       46 
  21    1       70 
  22    1       73 
  23    1       72 
  24    1       51 
  25    1       59 
  26    1       53 
  27    1       69 
  28    1       75 
  29    1       71 
  30    1       61 
  31    1       50 
  32    1       63 
  33    1       74 
  34    1       67 
  35    1       57 
  36    1       76 
  37    1       55 
  38    1       65 
  39    1       32 
  40    1        7 
  41    1        1 
  42    1       66 
  43    1       56 
  44    1       26 
  45    1       13 
  46    1       14 
  47    1       64 
  48    1       68 
  49    1       62 
  50    1        4 
  51    1       10 
  52    1        8 
  53    1       60 
  54    1       54 
  55    1       29 
  56    1       18 
  57    1       33 
  58    1       27 
  59    1       34 
  60    1        5 
  61    1     1000 
  62    1     1001 
  63    1     1002 
  64    1     1003 
  65    1     1004 
  66    1     1005 
  67    1     1006 
  68    1     1007 
  69    1     1008 
  70    1     1009 
  71    1     1010 
  72    1     1011 
  73    1     1012 
  74    1     1013 
  75    1     1014 
  76    1     1015 
  77    1     1016 
  78    1     1017 
  79    1     1018 
  80    1     1019 
  81    1     1020 
  82    1     1021 
  83    1     1022 
  84    1     1023 
  85    1     1024 
  86    1     1025 
  87    1     1026 
  88    1     1027 
  89    1     1028 
  90    1     1029 

   0    1
   0    2
   0    3
   0    4
   0    5
   0    7
   0    8
   0    9
   0   10
   0   11
   0   12
   0   13
   0   14
   0   61
   1    1
   1    2
   1    3
   1    8
   1   10
   1   11
   1   12
   1   15
   1   16
   1   20
   1   21
   1   22
   1   23
   1   24
   1   25
   1   26
   1   27
   1   28
   1   29
   1   30
   1   31
   1   32
   1   33
   1   34
   1   36
   1   37
   1   38
   1   62
   1   63
   1   64
   1   75
   1   77
   1   79
   1   80
   2   11
   2   12
   2   14
   2   17
   2   18
   2   19
   2   21
   2   22
   2   23
   2   24
   2   25
   2   26
   2   27
   2   28
   2   29
   2   30
   2   31
   2   32
   2   33
   2   34
   2   35
   2   36
   2   37
   2   38
   2   39
   2   40
   2   41
   2   42
   2   43
   2   44
   2   45
   2   46
   2   47
   2   48
   2   49
   2   52
   2   53
   2   54
   2   69
   2   70
   2   71
   2   72
   2   74
   2   78
   3    1
   3    2
   3    7
   3    8
   3    9
   3   11
   3   12
   3   13
   3   21
   3   22
   3   23
   3   27
   3   28
   3   39
   3   55
   3   56
   3   57
   3   58
   4    7
   4   11
   4   12
   4   13
   4   17
   4   18
   4   19
   4   21
   4   22
   4   23
   4   24
   4   25
   4   26
   4   27
   4   28
   4   29
   4   30
   4   31
   4   32
   4   33
   4   34
   4   35
   4   36
   4   37
   4   38
   4   39
   4   40
   4   41
   4   42
   4   43
   4   46
   4   47
   4   48
   4   49
   4   53
   4   54
   4   57
   4   58
   4   59
   4   89
   5    1
   5    2
   5    7
   5    8
   5   11
   5   12
   5   21
   5   22
   5   23
   5   27
   5   28
   5   33
   5   39
   5   56
   5   57
   5   58
   6    6
   6    7
   6    8
   6    9
   6   11
   6   12
   6   13
   6   17
   6   18
   6   19
   6   21
   6   22
   6   23
   6   24
   6   25
   6   26
   6   27
   6   28
   6   29
   6   30
   6   31
   6   32
   6   33
   6   34
   6   35
   6   36
   6   37
   6   38
   6   39
   6   40
   6   42
   6   43
   6   46
   6   47
   6   48
   6   49
   6   53
   6   54
   6   57
   6   58
   6   59
   7    2
   7    7
   7    8
   7    9
   7   11
   7   12
   7   21
   7   22
   7   27
   7   28
   7   33
   7   39
   7   56
   7   57
   7   58
   8    7
   8    8
   8    9
   8   11
   8   12
   8   13
   8   17
   8   18
   8   19
   8   21
   8   22
   8   23
   8   24
   8   25
   8   26
   8   27
   8   28
   8   29
   8   30
   8   31
   8   32
   8   33
   8   34
   8   35
   8   36
   8   37
   8   38
   8   39
   8   40
   8   42
   8   43
   8   46
   8   47
   8   48
   8   49
   8   52
   8   53
   8   54
   8   57
   8   58
   8   59
   9    2
   9    3
   9    7
   9    8
   9    9
   9   12
   9   17
   9   21
   9   22
   9   23
   9   27
   9   28
   9   33
   9   34
   9   39
   9   47
   9   55
   9   56
   9   57
   9   58
   9   59
  10    8
  10    9
  10   11
  10   12
  10   13
  10   17
  10   18
  10   19
  10   21
  10   22
  10   23
  10   24
  10   25
  10   26
  10   27
  10   28
  10   29
  10   30
  10   31
  10   32
  10   33
  10   34
  10   35
  10   36
  10   37
  10   38
  10   39
  10   40
  10   41
  10   42
  10   43
  10   45
  10   46
  10   47
  10   48
  10   49
  10   51
  10   52
  10   53
  10   54
  10   57
  10   58
  10   59
  11    3
  11    9
  11   17
  11   18
  11   21
  11   22
  11   23
  11   27
  11   28
  11   29
  11   33
  11   34
  11   39
  11   42
  11   47
  11   49
  11   53
  11   54
  11   55
  11   56
  11   59
  11   73
  11   76
  11   81
  11   85
  12   10
  12   17
  12   19
  12   21
  12   22
  12   23
  12   24
  12   25
  12   26
  12   27
  12   28
  12   29
  12   30
  12   31
  12   32
  12   33
  12   34
  12   36
  12   37
  12   38
  12   39
  12   40
  12   41
  12   42
  12   43
  12   44
  12   45
  12   46
  12   47
  12   48
  12   49
  12   51
  12   53
  12   54
  12   57
  12   59
  12   65
  12   88
  13    9
  13   13
  13   21
  13   22
  13   23
  13   24
  13   25
  13   26
  13   27
  13   29
  13   30
  13   31
  13   32
  13   33
  13   34
  13   36
  13   37
  13   38
  13   40
  13   41
  13   46
  13   57
  13   58
  13   59
  13   84
  13   87
  14    7
  14    8
  14    9
  14   11
  14   12
  14   13
  14   17
  14   19
  14   21
  14   22
  14   23
  14   24
  14   25
  14   26
  14   27
  14   28
  14   29
  14   30
  14   31
  14   32
  14   33
  14   34
  14   36
  14   37
  14   38
  14   39
  14   40
  14   41
  14   42
  14   43
  14   44
  14   45
  14   46
  14   48
  14   49
  14   50
  14   51
  14   53
  14   54
  14   57
  14   58
  14   59
  14   90
  15    7
  15    8
  15    9
  15   11
  15   12
  15   13
  15   17
  15   18
  15   19
  15   22
  15   23
  15   24
  15   25
  15   26
  15   28
  15   29
  15   30
  15   31
  15   32
  15   33
  15   34
  15   35
  15   36
  15   37
  15   38
  15   40
  15   41
  15   42
  15   43
  15   45
  15   46
  15   48
  15   49
  15   51
  15   52
  15   54
  15   57
  15   58
  15   59
  16    7
  16    8
  16   11
  16   12
  16   13
  16   17
  16   18
  16   19
  16   21
  16   22
  16   23
  16   24
  16   26
  16   27
  16   28
  16   29
  16   30
  16   31
  16   32
  16   33
  16   34
  16   35
  16   36
  16   37
  16   38
  16   40
  16   42
  16   43
  16   46
  16   47
  16   48
  16   49
  16   53
  16   54
  16   57
  16   58
  16   59
  16   83
  17    7
  17   11
  17   12
  17   17
  17   18
  17   19
  17   21
  17   22
  17   24
  17   25
  17   27
  17   28
  17   29
  17   30
  17   31
  17   33
  17   34
  17   36
  17   37
  17   38
  17   42
  17   43
  17   47
  17   48
  17   49
  17   53
  17   57
  17   58
  17   82
  17   86
  18    7
  18    8
  18   11
  18   12
  18   17
  18   19
  18   21
  18   22
  18   23
  18   24
  18   25
  18   27
  18   28
  18   29
  18   31
  18   33
  18   34
  18   36
  18   37
  18   39
  18   42
  18   43
  18   47
  18   48
  19    7
  19    9
  19   11
  19   12
  19   13
  19   17
  19   18
  19   42
  19   43
  19   47
  19   48
  19   49
  19   53
  19   54
  19   59
  19   66
  20    2
  20    3
  20    7
  20    8
  20    9
  20   11
  20   12
  20   13
  20   34
  20   39
  20   67
  20   68
  21    7
  21    8
  21   11
  21   12
  21   18
  21   19
  21   39
  21   42
  21   43
  21   45
  21   46
  21   47
  21   48
  21   49
  21   52
  21   53
  21   54
  21   57
  21   58
  21   59
  22    1
  22    2
  22    7
  22    8
  22   11
  22   12
  22   39
  22   57
  22   58
  22   60
  23    7
  23    8
  23   11
  23   12
  23   19
  23   40
  23   41
  23   42
  23   43
  23   45
  23   46
  23   48
  23   49
  23   51
  23   52
  23   54
  23   57
  23   58
  23   59
  24    1
  24    2
  24    7
  24    8
  24   11
  24   12
  24   39
  24   56
  24   57
  24   58
  25    7
  25    8
  25   11
  25   12
  25   19
  25   38
  25   40
  25   41
  25   44
  25   45
  25   46
  25   51
  25   52
  25   57
  25   58
  25   59
  26    1
  26    2
  26    7
  26    8
  26    9
  26   11
  26   39
  26   56
  26   57
  26   58
  27    7
  27    8
  27   11
  27   12
  27   13
  27   19
  27   25
  27   26
  27   30
  27   32
  27   35
  27   37
  27   38
  27   40
  27   41
  27   44
  27   45
  27   46
  27   57
  27   58
  27   59
  28    2
  28    7
  28    8
  28    9
  28   11
  28   12
  28   56
  28   57
  28   58
  29   12
  29   13
  29   24
  29   25
  29   26
  29   30
  29   31
  29   32
  29   35
  29   38
  29   57
  29   58
  30    8
  30    9
  30   12
  30   56
  30   57
  30   58

