0.00481 
0.00483 
0.00301 
0.000169 
0.000123 
0.000139 
0.00515 
0.00519 
0.00317 
0.000205 
0.000143 
0.000177 
0.00581 
0.00495 
0.00329 
0.000156 
0.000165 
0.000181 
0.00614 
0.00524 
0.00354 
0.000169 
0.000176 
0.000196 
0.00584 
0.00465 
0.0029 
0.000116 
0.000156 
0.000123 
0.006 
0.00514 
0.00297 
0.000127 
0.000166 
0.000148 
0.00543 
0.00457 
0.00318 
0.00013 
0.00014 
0.000148 
0.00629 
0.00534 
0.00355 
0.000177 
0.000194 
0.000206 
0.00506 
0.00525 
0.00271 
0.000174 
0.000137 
0.000123 
0.00566 
0.00549 
0.00288 
0.000191 
0.000155 
0.000151 
0.00587 
0.00481 
0.00351 
0.000149 
0.000167 
0.000183 
0.0061 
0.00508 
0.00351 
0.000162 
0.000182 
0.000204 
0.00597 
0.00484 
0.00283 
0.000125 
0.000165 
0.000124 
0.00633 
0.00524 
0.0031 
0.000142 
0.00019 
0.000158 
0.00555 
0.00472 
0.00336 
0.000149 
0.000152 
0.000179 
0.00579 
0.00508 
0.00343 
0.000166 
0.000168 
0.0002 
0.00806 
0.00821 
0.00216 
0.000298 
0.000288 
9.51e-05 
0.00721 
0.00737 
0.00202 
0.000259 
0.000245 
0.0001 
0.00772 
0.00773 
0.00204 
0.000266 
0.000265 
6.74e-05 
0.00761 
0.00774 
0.00213 
0.000274 
0.000268 
9.41e-05 
0.0074 
0.00754 
0.00215 
0.000264 
0.000258 
9.83e-05 
