-39.433758 
-1.177924 
-179.839441 
-0.045116 
1.294190 
1.469731 
-39.768981 
-1.853643 
-90.121780 
-0.029615 
1.527812 
1.639208 
-27.247810 
-28.567442 
-141.850591 
-1.144791 
0.966703 
1.582025 
-28.561507 
-30.341308 
-49.785833 
-1.144078 
0.991435 
1.637451 
4.376901 
-34.675130 
-87.139714 
-1.171077 
-0.082631 
1.410904 
2.101515 
-34.022097 
1.512647 
-1.213943 
-0.023547 
1.465268 
27.348988 
-28.308239 
-44.207649 
-1.034981 
-0.849742 
1.404246 
26.932605 
-28.126891 
44.870876 
-1.219335 
-0.966825 
1.715624 
30.394971 
0.189812 
0.084117 
0.024982 
-1.043563 
1.534740 
31.013270 
1.735552 
89.539918 
0.054116 
-1.093650 
1.617559 
27.642700 
30.754152 
42.331174 
1.270480 
-0.925469 
1.553076 
24.647550 
30.244896 
133.206027 
1.365243 
-0.981253 
1.614674 
0.528460 
33.155815 
88.703264 
1.130946 
-0.002387 
1.472089 
-1.745063 
33.641071 
-179.794240 
1.297234 
0.025296 
1.598764 
-30.768724 
28.179825 
138.431348 
1.171999 
1.054826 
1.501888 
-29.892893 
26.973290 
-134.628824 
1.194404 
1.119721 
1.590602 
-8.527062 
-0.515936 
179.396020 
-0.075574 
0.322977 
1.972828 
-4.785082 
0.674167 
88.786205 
-0.017961 
0.427080 
1.885928 
-4.407143 
-0.409916 
88.244316 
-0.038274 
0.078787 
1.876019 
-7.616750 
-1.552401 
179.949260 
0.201794 
0.282602 
1.926752 
-8.712041 
1.054223 
177.385267 
-0.231214 
0.321585 
1.906251 
