1.29 
1.1 
0.998 
0.0381 
0.0381 
0.0365 
1.29 
1.1 
1 
0.0428 
0.0428 
0.0419 
1.37 
1.19 
1.01 
0.0415 
0.0415 
0.0409 
1.39 
1.18 
1.04 
0.0427 
0.0426 
0.0416 
1.39 
1.28 
0.908 
0.0363 
0.0363 
0.034 
1.38 
1.29 
0.897 
0.0376 
0.0376 
0.0351 
1.37 
1.19 
1.01 
0.0371 
0.0371 
0.0369 
1.37 
1.19 
1 
0.0444 
0.0444 
0.0429 
1.29 
1.17 
0.913 
0.0381 
0.0381 
0.0327 
1.29 
1.17 
0.919 
0.04 
0.04 
0.0342 
1.39 
1.19 
1.03 
0.0414 
0.0414 
0.0421 
1.38 
1.21 
0.998 
0.0433 
0.0433 
0.0446 
1.37 
1.29 
0.887 
0.0373 
0.0373 
0.0337 
1.38 
1.29 
0.892 
0.0407 
0.0407 
0.0375 
1.38 
1.17 
1.04 
0.0405 
0.0404 
0.0419 
1.37 
1.17 
1.02 
0.0425 
0.0425 
0.0436 
1.29 
1.28 
0.758 
0.0454 
0.0454 
0.0289 
1.29 
1.28 
0.748 
0.0437 
0.0436 
0.0285 
1.29 
1.28 
0.747 
0.0431 
0.0431 
0.0268 
1.29 
1.28 
0.756 
0.0444 
0.0444 
0.0285 
1.29 
1.28 
0.759 
0.0441 
0.044 
0.0285 
