-39.437119 
-1.170947 
-179.836851 
-0.044865 
1.294256 
1.469616 
-39.772879 
-1.847358 
-90.119469 
-0.029361 
1.527877 
1.639060 
-27.244235 
-28.560290 
-141.846997 
-1.144613 
0.966710 
1.582294 
-28.558206 
-30.334051 
-49.782077 
-1.143881 
0.991451 
1.637735 
4.386650 
-34.669618 
-87.134873 
-1.170946 
-0.082914 
1.411025 
2.111137 
-34.015982 
1.517478 
-1.213799 
-0.023832 
1.465447 
27.357752 
-28.305864 
-44.204348 
-1.034842 
-0.849964 
1.404083 
26.942168 
-28.124387 
44.874261 
-1.219165 
-0.967112 
1.715439 
30.400324 
0.182831 
0.085998 
0.024763 
-1.043690 
1.534599 
31.020073 
1.728343 
89.541912 
0.053877 
-1.093805 
1.617379 
27.640020 
30.749039 
42.334229 
1.270398 
-0.925481 
1.553303 
24.645569 
30.239625 
133.208669 
1.365155 
-0.981278 
1.614923 
0.519373 
33.151838 
88.708138 
1.130869 
-0.002119 
1.472196 
-1.753843 
33.636858 
-179.789455 
1.297144 
0.025582 
1.598903 
-30.775780 
28.179067 
138.435010 
1.171912 
1.054996 
1.501686 
-29.900719 
26.972826 
-134.625059 
1.194308 
1.119906 
1.590374 
-8.528681 
-0.505828 
179.397811 
-0.075204 
0.323044 
1.972825 
-4.788646 
0.685103 
88.787035 
-0.017565 
0.427209 
1.885883 
-4.406387 
-0.405831 
88.245673 
-0.038114 
0.078771 
1.876016 
-7.624499 
-1.547941 
179.951105 
0.201952 
0.282885 
1.926662 
-8.709641 
1.065922 
177.387322 
-0.230802 
0.321513 
1.906330 
