0.922 
0.824 
0.773 
0.029 
0.029 
0.028 
0.922 
0.823 
0.775 
0.033 
0.033 
0.032 
1.001 
0.873 
0.817 
0.032 
0.032 
0.031 
1.014 
0.868 
0.838 
0.033 
0.032 
0.032 
1.027 
0.921 
0.795 
0.028 
0.028 
0.026 
1.022 
0.922 
0.787 
0.029 
0.028 
0.027 
1.000 
0.872 
0.815 
0.028 
0.028 
0.028 
0.998 
0.874 
0.812 
0.034 
0.034 
0.033 
0.922 
0.861 
0.731 
0.029 
0.029 
0.026 
0.922 
0.859 
0.734 
0.030 
0.030 
0.027 
1.016 
0.872 
0.837 
0.032 
0.032 
0.032 
1.010 
0.882 
0.818 
0.033 
0.033 
0.034 
1.016 
0.923 
0.779 
0.028 
0.028 
0.026 
1.019 
0.922 
0.784 
0.031 
0.031 
0.029 
1.002 
0.860 
0.831 
0.031 
0.031 
0.032 
0.994 
0.863 
0.818 
0.033 
0.033 
0.033 
0.922 
0.918 
0.659 
0.033 
0.033 
0.024 
0.922 
0.921 
0.654 
0.032 
0.032 
0.024 
0.922 
0.921 
0.654 
0.031 
0.031 
0.023 
0.922 
0.919 
0.658 
0.032 
0.032 
0.024 
0.922 
0.917 
0.660 
0.032 
0.032 
0.024 
